x	Dis
0	-0.001851585
0.005	-0.001732312
0.01	-0.001597052
0.015	-0.00144635
0.02	-0.001282225
0.025	-0.00110798
0.03	-0.000928124
0.035	-0.000747868
0.04	-0.000572511
0.045	-0.000406969
0.05	-0.000255195
0.055	-0.000119463
0.06	-3.0272E-07
0.065	0.000103698
0.07	0.000195736
0.075	0.000280365
0.08	0.000362961
0.085	0.000448997
0.09	0.000543295
0.095	0.000649522
0.1	0.000769571
0.105	0.000903255
0.11	0.001048342
0.115	0.001200701
0.12	0.001354644
0.125	0.001503528
0.13	0.001640355
0.135	0.001758446
0.14	0.001852023
0.145	0.001916693
0.15	0.001949779
0.155	0.001950484
0.16	0.001919846
0.165	0.001860687
0.17	0.001777183
0.175	0.001674557
0.18	0.00155862
0.185	0.001435507
0.19	0.001311066
0.195	0.001190633
0.2	0.001078871
0.205	0.000979472
0.21	0.000895129
0.215	0.000827567
0.22	0.000777623
0.225	0.000745347
0.23	0.000730175
0.235	0.000731181
0.24	0.000747154
0.245	0.000776874
0.25	0.000819172
0.255	0.000873123
0.26	0.000938041
0.265	0.001013447
0.27	0.001099206
0.275	0.00119526
0.28	0.001301656
0.285	0.001418435
0.29	0.0015455
0.295	0.001682532
0.3	0.001828902
0.305	0.001983724
0.31	0.002145714
0.315	0.002313268
0.32	0.002484595
0.325	0.002657529
0.33	0.002829965
0.335	0.002999606
0.34	0.003164135
0.345	0.003321331
0.35	0.003469067
0.355	0.003605288
0.36	0.003728118
0.365	0.00383578
0.37	0.003926728
0.375	0.003999561
0.38	0.004053042
0.385	0.004086231
0.39	0.004098309
0.395	0.004088651
0.4	0.004056783
0.405	0.004002247
0.41	0.003924586
0.415	0.00382316
0.42	0.003697108
0.425	0.003545257
0.43	0.003365974
0.435	0.003157308
0.44	0.002917056
0.445	0.00264271
0.45	0.002331871
0.455	0.001982356
0.46	0.001592405
0.465	0.001160994
0.47	0.000687993
0.475	0.000174272
0.48	-0.00037821
0.485	-0.000966574
0.49	-0.00158691
0.495	-0.00223453
0.5	-0.002904214
0.505	-0.003590243
0.51	-0.004286583
0.515	-0.004987068
0.52	-0.005685234
0.525	-0.006374493
0.53	-0.007047865
0.535	-0.007698071
0.54	-0.008317373
0.545	-0.008897503
0.55	-0.009429814
0.555	-0.009905308
0.56	-0.010314985
0.565	-0.01065019
0.57	-0.010902814
0.575	-0.01106595
0.58	-0.011134274
0.585	-0.011104222
0.59	-0.010974524
0.595	-0.010746127
0.6	-0.010422289
0.605	-0.010008251
0.61	-0.009511066
0.615	-0.008938958
0.62	-0.008300887
0.625	-0.007605914
0.63	-0.006862698
0.635	-0.006079018
0.64	-0.005261525
0.645	-0.004415567
0.65	-0.00354541
0.655	-0.002654265
0.66	-0.00174485
0.665	-0.000819999
0.67	0.000117046
0.675	0.001061787
0.68	0.002008383
0.685	0.002949138
0.69	0.00387468
0.695	0.0047739
0.7	0.005634807
0.705	0.00644453
0.71	0.007190483
0.715	0.007860947
0.72	0.008445754
0.725	0.008936872
0.73	0.009328835
0.735	0.00961894
0.74	0.009807056
0.745	0.009895594
0.75	0.00988875
0.755	0.009792336
0.76	0.009612937
0.765	0.009357479
0.77	0.00903281
0.775	0.008645399
0.78	0.008201177
0.785	0.007705564
0.79	0.007163607
0.795	0.006580298
0.8	0.005960536
0.805	0.005309697
0.81	0.004633613
0.815	0.003938643
0.82	0.003231824
0.825	0.002520444
0.83	0.001812143
0.835	0.001114551
0.84	0.000435038
0.845	-0.00021954
0.85	-0.000842982
0.855	-0.001429854
0.86	-0.001975606
0.865	-0.002476306
0.87	-0.00292892
0.875	-0.003330885
0.88	-0.003680103
0.885	-0.003974828
0.89	-0.004213554
0.895	-0.004394899
0.9	-0.00451778
0.905	-0.004581338
0.91	-0.004585099
0.915	-0.004529167
0.92	-0.004414186
0.925	-0.004241752
0.93	-0.004014311
0.935	-0.003735371
0.94	-0.003409385
0.945	-0.003041791
0.95	-0.002638852
0.955	-0.00220739
0.96	-0.001754605
0.965	-0.001287797
0.97	-0.000813948
0.975	-0.000339415
0.98	0.000130242
0.985	0.000590513
0.99	0.001038135
0.995	0.001470858
1	0.001887732
1.005	0.002288521
1.01	0.002673622
1.015	0.003043715
1.02	0.003399314
1.025	0.00374058
1.03	0.004066833
1.035	0.00437658
1.04	0.004667385
1.045	0.004935821
1.05	0.005177889
1.055	0.005389085
1.06	0.005564845
1.065	0.005700886
1.07	0.005793493
1.075	0.005839846
1.08	0.005838134
1.085	0.005787564
1.09	0.005688297
1.095	0.00554133
1.1	0.005348012
1.105	0.005109968
1.11	0.004828616
1.115	0.004504933
1.12	0.004139385
1.125	0.003731751
1.13	0.003281238
1.135	0.002786852
1.14	0.002247525
1.145	0.001662668
1.15	0.001032595
1.155	0.000358894
1.16	-0.000355088
1.165	-0.001104009
1.17	-0.001880569
1.175	-0.002675378
1.18	-0.003477391
1.185	-0.00427435
1.19	-0.005053151
1.195	-0.005800748
1.2	-0.006504765
1.205	-0.007153966
1.21	-0.007739053
1.215	-0.008253029
1.22	-0.008691051
1.225	-0.009050861
1.23	-0.009332307
1.235	-0.009536844
1.24	-0.009667275
1.245	-0.009726815
1.25	-0.009718915
1.255	-0.009646486
1.26	-0.009511762
1.265	-0.009316167
1.27	-0.009060488
1.275	-0.008745082
1.28	-0.008370488
1.285	-0.007937753
1.29	-0.007449162
1.295	-0.006908486
1.3	-0.006321123
1.305	-0.005694349
1.31	-0.005036648
1.315	-0.004357624
1.32	-0.00366704
1.325	-0.002974218
1.33	-0.002287453
1.335	-0.001613282
1.34	-0.000956283
1.345	-0.00031907
1.35	0.000297643
1.355	0.000894412
1.36	0.001472453
1.365	0.002033006
1.37	0.002576556
1.375	0.003102333
1.38	0.003608095
1.385	0.004089934
1.39	0.004542621
1.395	0.004960102
1.4	0.005335996
1.405	0.005664483
1.41	0.005940812
1.415	0.006161965
1.42	0.006326973
1.425	0.006436985
1.43	0.006495264
1.435	0.006506796
1.44	0.006477838
1.445	0.006415128
1.45	0.00632552
1.455	0.006215246
1.46	0.006089268
1.465	0.005951275
1.47	0.005803228
1.475	0.005645361
1.48	0.005476457
1.485	0.005294032
1.49	0.005094906
1.495	0.004875612
1.5	0.004632725
1.505	0.004363633
1.51	0.004066685
1.515	0.003741498
1.52	0.00338927
1.525	0.003012591
1.53	0.002615391
1.535	0.002202678
1.54	0.001780312
1.545	0.001354323
1.55	0.000930913
1.555	0.000515652
1.56	0.000113589
1.565	-0.000271218
1.57	-0.000635778
1.575	-0.000978087
1.58	-0.00129694
1.585	-0.001592044
1.59	-0.00186346
1.595	-0.002111556
1.6	-0.002336724
1.605	-0.002539214
1.61	-0.002718877
1.615	-0.002875275
1.62	-0.00300747
1.625	-0.003114271
1.63	-0.003194093
1.635	-0.00324519
1.64	-0.003265706
1.645	-0.003253833
1.65	-0.003207877
1.655	-0.003126213
1.66	-0.003007521
1.665	-0.002850651
1.67	-0.002654824
1.675	-0.002419531
1.68	-0.002144773
1.685	-0.001830963
1.69	-0.001479286
1.695	-0.001091574
1.7	-0.000670698
1.705	-0.000220498
1.71	0.000253994
1.715	0.000746546
1.72	0.001249838
1.725	0.001755388
1.73	0.00225401
1.735	0.002735855
1.74	0.003190937
1.745	0.003609448
1.75	0.003982234
1.755	0.004301207
1.76	0.004559693
1.765	0.004752793
1.77	0.004877487
1.775	0.004932814
1.78	0.004919812
1.785	0.00484132
1.79	0.004701865
1.795	0.004507185
1.8	0.004264004
1.805	0.003979616
1.81	0.003661437
1.815	0.003316871
1.82	0.002952976
1.825	0.002576198
1.83	0.00219241
1.835	0.001806777
1.84	0.001423791
1.845	0.001047347
1.85	0.000680758
1.855	0.000326771
1.86	-1.22624E-05
1.865	-0.000334508
1.87	-0.000638441
1.875	-0.000923062
1.88	-0.001187608
1.885	-0.001431705
1.89	-0.001655274
1.895	-0.00185827
1.9	-0.002040721
1.905	-0.002202447
1.91	-0.002343001
1.915	-0.00246143
1.92	-0.002556351
1.925	-0.002625694
1.93	-0.002667019
1.935	-0.002677486
1.94	-0.0026542
1.945	-0.002594444
1.95	-0.002495965
1.955	-0.002357425
1.96	-0.002178485
1.965	-0.001960122
1.97	-0.001704619
1.975	-0.001415543
1.98	-0.001097505
1.985	-0.000755945
1.99	-0.000396715
1.995	-2.57108E-05
2	0.000351507
2.005	0.000730032
2.01	0.001105706
2.015	0.001475286
2.02	0.00183634
2.025	0.002186993
2.03	0.002525766
2.035	0.002851045
2.04	0.003160994
2.045	0.003453057
2.05	0.00372397
2.055	0.003969627
2.06	0.004185287
2.065	0.004365737
2.07	0.00450581
2.075	0.004600787
2.08	0.004646884
2.085	0.004641748
2.09	0.004584834
2.095	0.004477438
2.1	0.004323154
2.105	0.004127252
2.11	0.003896816
2.115	0.00364
2.12	0.003365655
2.125	0.003082461
2.13	0.002798748
2.135	0.00252146
2.14	0.002256183
2.145	0.002006651
2.15	0.001774797
2.155	0.001560729
2.16	0.001363251
2.165	0.001180068
2.17	0.001008341
2.175	0.000845329
2.18	0.000688737
2.185	0.000537212
2.19	0.000390702
2.195	0.000250402
2.2	0.000118918
2.205	-2.04327E-08
2.21	-0.000101825
2.215	-0.00018168
2.22	-0.000234754
2.225	-0.00025695
2.23	-0.000245224
2.235	-0.000198029
2.24	-0.000115595
2.245	1.67966E-07
2.25	0.000145352
2.255	0.000314631
2.26	0.000501485
2.265	0.000698619
2.27	0.000898476
2.275	0.001093921
2.28	0.001278655
2.285	0.001447683
2.29	0.00159782
2.295	0.001727753
2.3	0.001838293
2.305	0.001932276
2.31	0.002014284
2.315	0.002090427
2.32	0.002167809
2.325	0.002253971
2.33	0.002356482
2.335	0.002482197
2.34	0.002636806
2.345	0.00282439
2.35	0.003046995
2.355	0.003304612
2.36	0.003594915
2.365	0.00391324
2.37	0.004253245
2.375	0.004606704
2.38	0.004964293
2.385	0.005316059
2.39	0.005651744
2.395	0.005961548
2.4	0.006236525
2.405	0.006469002
2.41	0.006653124
2.415	0.006784859
2.42	0.006862229
2.425	0.006885533
2.43	0.006856857
2.435	0.006780274
2.44	0.00666125
2.445	0.006506391
2.45	0.006322889
2.455	0.006118187
2.46	0.005899326
2.465	0.005672489
2.47	0.005442616
2.475	0.005212964
2.48	0.004984957
2.485	0.004757969
2.49	0.004529546
2.495	0.004295293
2.5	0.004049574
2.505	0.003785684
2.51	0.003496683
2.515	0.003175815
2.52	0.002817287
2.525	0.002416902
2.53	0.001972541
2.535	0.001484363
2.54	0.000955285
2.545	0.000390777
2.55	-0.000201439
2.555	-0.000811593
2.56	-0.001428631
2.565	-0.002040922
2.57	-0.002636893
2.575	-0.003205834
2.58	-0.003738537
2.585	-0.004227812
2.59	-0.004668727
2.595	-0.005058909
2.6	-0.005398156
2.605	-0.005688473
2.61	-0.005933485
2.615	-0.006137753
2.62	-0.006306597
2.625	-0.006445014
2.63	-0.006557671
2.635	-0.006648198
2.64	-0.006719174
2.645	-0.006771867
2.65	-0.00680648
2.655	-0.00682214
2.66	-0.006817315
2.665	-0.006790041
2.67	-0.006738174
2.675	-0.006659742
2.68	-0.006553157
2.685	-0.006417285
2.69	-0.006251718
2.695	-0.006056647
2.7	-0.005832905
2.705	-0.005582151
2.71	-0.005306595
2.715	-0.005009179
2.72	-0.004693551
2.725	-0.004364016
2.73	-0.004025431
2.735	-0.003683403
2.74	-0.003343862
2.745	-0.003012951
2.75	-0.002696847
2.755	-0.002401293
2.76	-0.002131235
2.765	-0.001890377
2.77	-0.001680762
2.775	-0.001502471
2.78	-0.001353358
2.785	-0.001228956
2.79	-0.00112255
2.795	-0.001025468
2.8	-0.000927535
2.805	-0.000817612
2.81	-0.000684352
2.815	-0.00051689
2.82	-0.000305594
2.825	-4.26888E-05
2.83	0.000277113
2.835	0.00065649
2.84	0.001095064
2.845	0.00158967
2.85	0.002134458
2.855	0.002721192
2.86	0.003339713
2.865	0.003978336
2.87	0.004624278
2.875	0.005264046
2.88	0.005883622
2.885	0.006468665
2.89	0.00700489
2.895	0.007477887
2.9	0.007873628
2.905	0.008178625
2.91	0.008380309
2.915	0.008467702
2.92	0.008431835
2.925	0.008266751
2.93	0.007969791
2.935	0.007542424
2.94	0.006990489
2.945	0.006324252
2.95	0.005558217
2.955	0.004710692
2.96	0.003802815
2.965	0.002857476
2.97	0.001898384
2.975	0.000948679
2.98	2.98448E-05
2.985	-0.000838779
2.99	-0.001641003
2.995	-0.002363698
3	-0.002997075
3.005	-0.00353407
3.01	-0.003969995
3.015	-0.004301976
3.02	-0.004528152
3.025	-0.004647338
3.03	-0.004658645
3.035	-0.004561125
3.04	-0.004354161
3.045	-0.004037393
3.05	-0.003611613
3.055	-0.003078774
3.06	-0.002443224
3.065	-0.001711555
3.07	-0.000893386
3.075	-1.15145E-06
3.08	0.000950131
3.085	0.00194316
3.09	0.002959579
3.095	0.003980449
3.1	0.004987854
3.105	0.005965299
3.11	0.006899259
3.115	0.007779081
3.12	0.008597638
3.125	0.009350985
3.13	0.010038078
3.135	0.010659582
3.14	0.011217479
3.145	0.011713587
3.15	0.012149085
3.155	0.012523518
3.16	0.012834548
3.165	0.013077745
3.17	0.013246678
3.175	0.013333323
3.18	0.013328661
3.185	0.013223083
3.19	0.013007166
3.195	0.012671992
3.2	0.012209562
3.205	0.011612876
3.21	0.010875939
3.215	0.009994155
3.22	0.008963785
3.225	0.007782517
3.23	0.006449172
3.235	0.004964469
3.24	0.003330969
3.245	0.00155397
3.25	-0.000358297
3.255	-0.002394272
3.26	-0.004538541
3.265	-0.006772578
3.27	-0.009074464
3.275	-0.011420148
3.28	-0.013784049
3.285	-0.016140498
3.29	-0.018464375
3.295	-0.02073295
3.3	-0.022925943
3.305	-0.02502666
3.31	-0.02702155
3.315	-0.028900083
3.32	-0.030653866
3.325	-0.03227542
3.33	-0.033757206
3.335	-0.035090081
3.34	-0.036262225
3.345	-0.037258688
3.35	-0.038060896
3.355	-0.038646922
3.36	-0.038992524
3.365	-0.039072417
3.37	-0.038862161
3.375	-0.03833992
3.38	-0.037488684
3.385	-0.036297522
3.39	-0.034763057
3.395	-0.03288937
3.4	-0.030688219
3.405	-0.028177254
3.41	-0.025378579
3.415	-0.022317825
3.42	-0.019021455
3.425	-0.015517103
3.43	-0.011833142
3.435	-0.008000131
3.44	-0.004052153
3.445	-2.83786E-05
3.45	0.004026741
3.455	0.008064467
3.46	0.012034312
3.465	0.01588897
3.47	0.019588696
3.475	0.023103733
3.48	0.026416598
3.485	0.029518798
3.49	0.03240601
3.495	0.035071831
3.5	0.03750148
3.505	0.039671157
3.51	0.041549485
3.515	0.043105248
3.52	0.04431593
3.525	0.045175452
3.53	0.045696374
3.535	0.045906357
3.54	0.045838125
3.545	0.045517303
3.55	0.044952329
3.555	0.044130642
3.56	0.043022584
3.565	0.041592456
3.57	0.039811708
3.575	0.03767075
3.58	0.035183575
3.585	0.032386299
3.59	0.029328853
3.595	0.026064854
3.6	0.022643562
3.605	0.019104963
3.61	0.015480517
3.615	0.011795535
3.62	0.008073078
3.625	0.004335169
3.63	0.000604065
3.635	-0.003099908
3.64	-0.006758768
3.645	-0.010357158
3.65	-0.013881938
3.655	-0.017320057
3.66	-0.020658107
3.665	-0.023881631
3.67	-0.026976226
3.675	-0.029928019
3.68	-0.032724306
3.685	-0.035352252
3.69	-0.037796907
3.695	-0.040039197
3.7	-0.042054061
3.705	-0.043810643
3.71	-0.045273572
3.715	-0.046406612
3.72	-0.0471761
3.725	-0.047555327
3.73	-0.047526918
3.735	-0.047084749
3.74	-0.046233837
3.745	-0.044989403
3.75	-0.043375168
3.755	-0.04142135
3.76	-0.039162848
3.765	-0.036637474
3.77	-0.033884518
3.775	-0.030943852
3.78	-0.027854823
3.785	-0.024655594
3.79	-0.021382613
3.795	-0.018069984
3.8	-0.014749561
3.805	-0.011449998
3.81	-0.008197775
3.815	-0.005015394
3.82	-0.001922945
3.825	0.001062654
3.83	0.003927402
3.835	0.006660781
3.84	0.009254778
3.845	0.011703806
3.85	0.014004438
3.855	0.016154127
3.86	0.018150428
3.865	0.019990241
3.87	0.02166817
3.875	0.023176026
3.88	0.024502205
3.885	0.025631212
3.89	0.026544306
3.895	0.027220488
3.9	0.027637808
3.905	0.027775496
3.91	0.027616268
3.915	0.02714836
3.92	0.026367934
3.925	0.025280282
3.93	0.023900831
3.935	0.022254828
3.94	0.02037663
3.945	0.018307047
3.95	0.016091246
3.955	0.013775309
3.96	0.011403156
3.965	0.009013584
3.97	0.006638117
3.975	0.004299881
3.98	0.002013821
3.985	-0.000212558
3.99	-0.00237717
3.995	-0.004480272
4	-0.006522532
4.005	-0.008502281
4.01	-0.010414215
4.015	-0.012248713
4.02	-0.013993243
4.025	-0.015633974
4.03	-0.017158369
4.035	-0.018557547
4.04	-0.019828314
4.045	-0.020974273
4.05	-0.02200445
4.055	-0.02293176
4.06	-0.02376903
4.065	-0.024525492
4.07	-0.025203532
4.075	-0.025796739
4.08	-0.02629004
4.085	-0.02666215
4.09	-0.02688936
4.095	-0.026950201
4.1	-0.026829762
4.105	-0.026522471
4.11	-0.026032396
4.115	-0.025371544
4.12	-0.024556616
4.125	-0.023604557
4.13	-0.022529179
4.135	-0.021338241
4.14	-0.020033021
4.145	-0.018608041
4.15	-0.017053947
4.155	-0.015358436
4.16	-0.013511378
4.165	-0.011506408
4.17	-0.009345336
4.175	-0.007039504
4.18	-0.00461101
4.185	-0.002089922
4.19	0.000489701
4.195	0.003096625
4.2	0.005707449
4.205	0.008309655
4.21	0.010901194
4.215	0.013484488
4.22	0.016060982
4.225	0.018623365
4.23	0.02115423
4.235	0.02362744
4.24	0.02601509
4.245	0.028295131
4.25	0.030456355
4.255	0.032499649
4.26	0.034433097
4.265	0.036264051
4.27	0.037990175
4.275	0.039594967
4.28	0.041047372
4.285	0.042307764
4.29	0.043336332
4.295	0.044101983
4.3	0.044587646
4.305	0.044790912
4.31	0.04472037
4.315	0.044389166
4.32	0.043808259
4.325	0.042982467
4.33	0.041909035
4.335	0.040580582
4.34	0.038989067
4.345	0.037131082
4.35	0.035011757
4.355	0.032645635
4.36	0.030057121
4.365	0.027276941
4.37	0.024338935
4.375	0.021276772
4.38	0.01812117
4.385	0.014897669
4.39	0.01162762
4.395	0.008327843
4.4	0.005012261
4.405	0.001693709
4.41	-0.001615527
4.415	-0.00490186
4.42	-0.008150485
4.425	-0.011344538
4.43	-0.014466042
4.435	-0.017494928
4.44	-0.020410405
4.445	-0.023191394
4.45	-0.025816433
4.455	-0.028264571
4.46	-0.030516054
4.465	-0.032553367
4.47	-0.034360651
4.475	-0.035925373
4.48	-0.037238307
4.485	-0.038293652
4.49	-0.039088663
4.495	-0.039624434
4.5	-0.03990436
4.505	-0.03993392
4.51	-0.039720304
4.515	-0.039271574
4.52	-0.038596082
4.525	-0.03770265
4.53	-0.036599949
4.535	-0.035297155
4.54	-0.033804037
4.545	-0.032131121
4.55	-0.030290479
4.555	-0.028295964
4.56	-0.02616276
4.565	-0.023908148
4.57	-0.021550464
4.575	-0.019109247
4.58	-0.016604029
4.585	-0.014054217
4.59	-0.011478697
4.595	-0.008894777
4.6	-0.006318773
4.605	-0.003765411
4.61	-0.001248276
4.615	0.001219749
4.62	0.003625995
4.625	0.005957926
4.63	0.008202412
4.635	0.010344979
4.64	0.012370704
4.645	0.014263448
4.65	0.016006755
4.655	0.017584199
4.66	0.018980365
4.665	0.020181427
4.67	0.021176146
4.675	0.021956375
4.68	0.022517109
4.685	0.022856807
4.69	0.0229763
4.695	0.022878535
4.7	0.022567399
4.705	0.022047149
4.71	0.021321984
4.715	0.020396153
4.72	0.019274386
4.725	0.017963178
4.73	0.016471688
4.735	0.014812588
4.74	0.013002488
4.745	0.011062136
4.75	0.009014076
4.755	0.006881821
4.76	0.004687282
4.765	0.002449699
4.77	0.000183883
4.775	-0.002099358
4.78	-0.004391655
4.785	-0.006686245
4.79	-0.008974896
4.795	-0.01124724
4.8	-0.013488735
4.805	-0.015682636
4.81	-0.017810252
4.815	-0.019853992
4.82	-0.021798192
4.825	-0.023631847
4.83	-0.025347883
4.835	-0.026941633
4.84	-0.028410053
4.845	-0.029747875
4.85	-0.03094553
4.855	-0.031988528
4.86	-0.032857228
4.865	-0.033528388
4.87	-0.033978533
4.875	-0.034186874
4.88	-0.034139059
4.885	-0.033829223
4.89	-0.033261165
4.895	-0.032447878
4.9	-0.031409729
4.905	-0.030171718
4.91	-0.028759921
4.915	-0.027198596
4.92	-0.025507718
4.925	-0.023701161
4.93	-0.02178666
4.935	-0.019765949
4.94	-0.017637245
4.945	-0.015396191
4.95	-0.013039931
4.955	-0.010568241
4.96	-0.007986005
4.965	-0.005304941
4.97	-0.002543013
4.975	0.000274973
4.98	0.003119748
4.985	0.005958293
4.99	0.008757692
4.995	0.011485713
5	0.014114422
5.005	0.016621057
5.01	0.018988065
5.015	0.021203967
5.02	0.023261581
5.025	0.02515736
5.03	0.02688916
5.035	0.028455248
5.04	0.029852852
5.045	0.03107835
5.05	0.032126974
5.055	0.032994006
5.06	0.0336756
5.065	0.034169946
5.07	0.034477934
5.075	0.034603357
5.08	0.034552392
5.085	0.034332514
5.09	0.033951491
5.095	0.033415776
5.1	0.032729939
5.105	0.031896267
5.11	0.030915061
5.115	0.029785594
5.12	0.028507434
5.125	0.027081659
5.13	0.02551185
5.135	0.023804383
5.14	0.021968687
5.145	0.020016262
5.15	0.017960098
5.155	0.015812755
5.16	0.013587776
5.165	0.011297089
5.17	0.008954396
5.175	0.006572723
5.18	0.004168939
5.185	0.00176156
5.19	-0.000625464
5.195	-0.002966414
5.2	-0.005231286
5.205	-0.007391492
5.21	-0.009418326
5.215	-0.01128896
5.22	-0.012985827
5.225	-0.014500624
5.23	-0.015831999
5.235	-0.016987011
5.24	-0.017976413
5.245	-0.018813772
5.25	-0.019509669
5.255	-0.020069972
5.26	-0.020492462
5.265	-0.020766836
5.27	-0.020875536
5.275	-0.020797186
5.28	-0.020511011
5.285	-0.020002149
5.29	-0.019266749
5.295	-0.018314689
5.3	-0.017171489
5.305	-0.015875256
5.31	-0.014473306
5.315	-0.01301481
5.32	-0.011544957
5.325	-0.010097144
5.33	-0.00869065
5.335	-0.007327144
5.34	-0.005995938
5.345	-0.004675998
5.35	-0.003345684
5.355	-0.001986773
5.36	-0.000593114
5.365	0.000828897
5.37	0.002258295
5.375	0.003664805
5.38	0.005012742
5.385	0.006268772
5.39	0.007406606
5.395	0.008412269
5.4	0.009283986
5.405	0.010032057
5.41	0.010673546
5.415	0.011228438
5.42	0.011712803
5.425	0.012135859
5.43	0.012496863
5.435	0.012785953
5.44	0.012985963
5.445	0.013077069
5.45	0.013041172
5.455	0.012866687
5.46	0.012551882
5.465	0.012105934
5.47	0.011549082
5.475	0.010909285
5.48	0.010219296
5.485	0.009510987
5.49	0.008812111
5.495	0.008141505
5.5	0.007508042
5.505	0.006908994
5.51	0.006332396
5.515	0.00575883
5.52	0.00516596
5.525	0.004531723
5.53	0.003839383
5.535	0.003079539
5.54	0.002253089
5.545	0.001370688
5.55	0.000453005
5.555	-0.000472647
5.56	-0.001375333
5.565	-0.002223597
5.57	-0.002990915
5.575	-0.003657509
5.58	-0.004213854
5.585	-0.004660561
5.59	-0.0050082
5.595	-0.005274025
5.6	-0.005478531
5.605	-0.005640248
5.61	-0.005771356
5.615	-0.005873785
5.62	-0.005937757
5.625	-0.005942101
5.63	-0.005857599
5.635	-0.005652134
5.64	-0.005296921
5.645	-0.004772969
5.65	-0.004075533
5.655	-0.00321707
5.66	-0.002225927
5.665	-0.001143869
5.67	-1.91777E-05
5.675	0.00109886
5.68	0.002167131
5.685	0.00315247
5.69	0.004035217
5.695	0.004807555
5.7	0.005472631
5.705	0.006039445
5.71	0.006519949
5.715	0.00692472
5.72	0.007261377
5.725	0.007533738
5.73	0.007742528
5.735	0.007887289
5.74	0.007967766
5.745	0.00798556
5.75	0.007944871
5.755	0.007851813
5.76	0.007713716
5.765	0.007537606
5.77	0.007328649
5.775	0.007089515
5.78	0.006820171
5.785	0.006518639
5.79	0.006182686
5.795	0.005811846
5.8	0.005408939
5.805	0.004982158
5.81	0.004544816
5.815	0.004115692
5.82	0.003716636
5.825	0.003370327
5.83	0.003097282
5.835	0.0029127
5.84	0.002824615
5.845	0.002831894
5.85	0.002924768
5.855	0.00308622
5.86	0.003294538
5.865	0.003526948
5.87	0.003762806
5.875	0.003986485
5.88	0.004189627
5.885	0.00437139
5.89	0.004537115
5.895	0.004696932
5.9	0.004861651
5.905	0.005040403
5.91	0.005237519
5.915	0.005451469
5.92	0.005674036
5.925	0.00589207
5.93	0.006089452
5.935	0.006250355
5.94	0.00636167
5.945	0.006415801
5.95	0.006411389
5.955	0.006354001
5.96	0.006254115
5.965	0.006125341
5.97	0.005981863
5.975	0.005835745
5.98	0.005695392
5.985	0.005563928
5.99	0.005439842
5.995	0.005317506
6	0.005188982
6.005	0.005045464
6.01	0.004879383
6.015	0.004685099
6.02	0.004459936
6.025	0.004203653
6.03	0.003918212
6.035	0.003606379
6.04	0.003271528
6.045	0.002915905
6.05	0.002541276
6.055	0.002148087
6.06	0.00173658
6.065	0.001306809
6.07	0.000859629
6.075	0.000396878
6.08	-7.82149E-05
6.085	-0.000562039
6.09	-0.001050259
6.095	-0.001539651
6.1	-0.002028085
6.105	-0.002516077
6.11	-0.00300586
6.115	-0.003501999
6.12	-0.004009557
6.125	-0.004533225
6.13	-0.005074998
6.135	-0.005632837
6.14	-0.006199054
6.145	-0.006760183
6.15	-0.007296953
6.155	-0.007786417
6.16	-0.008203572
6.165	-0.008525362
6.17	-0.008732903
6.175	-0.008815118
6.18	-0.008769934
6.185	-0.00860516
6.19	-0.008337688
6.195	-0.007991213
6.2	-0.007593746
6.205	-0.00717347
6.21	-0.00675662
6.215	-0.006364085
6.22	-0.00601085
6.225	-0.005705312
6.23	-0.005450429
6.235	-0.005244746
6.24	-0.005084076
6.245	-0.004962614
6.25	-0.00487352
6.255	-0.004808945
6.26	-0.004759673
6.265	-0.004714355
6.27	-0.004659258
6.275	-0.004578803
6.28	-0.004456168
6.285	-0.004275688
6.29	-0.004024745
6.295	-0.00369601
6.3	-0.003288938
6.305	-0.002810448
6.31	-0.002274318
6.315	-0.001699217
6.32	-0.001105344
6.325	-0.000512436
6.33	6.46424E-05
6.335	0.00061676
6.34	0.00114273
6.345	0.001647871
6.35	0.002142928
6.355	0.002641203
6.36	0.003156176
6.365	0.003698498
6.37	0.004274496
6.375	0.004885196
6.38	0.005527177
6.385	0.006192772
6.39	0.0068729
6.395	0.007557752
6.4	0.008238955
6.405	0.008909046
6.41	0.009562364
6.415	0.010192999
6.42	0.010794978
6.425	0.011360203
6.43	0.01187891
6.435	0.012339517
6.44	0.012730372
6.445	0.013041063
6.45	0.013264997
6.455	0.013400066
6.46	0.01345008
6.465	0.013423616
6.47	0.013332677
6.475	0.013189868
6.48	0.01300538
6.485	0.012784759
6.49	0.01252657
6.495	0.01222312
6.5	0.011860466
6.505	0.011421806
6.51	0.010889835
6.515	0.010250437
6.52	0.009494747
6.525	0.00862089
6.53	0.00763349
6.535	0.006543539
6.54	0.005364964
6.545	0.004114314
6.55	0.002806786
6.555	0.001457011
6.56	7.69129E-05
6.565	-0.00132165
6.57	-0.002727911
6.575	-0.004128137
6.58	-0.005507171
6.585	-0.006846462
6.59	-0.008123935
6.595	-0.009316935
6.6	-0.010401818
6.605	-0.011358436
6.61	-0.012170464
6.615	-0.012827886
6.62	-0.013327318
6.625	-0.013672248
6.63	-0.013871646
6.635	-0.013938633
6.64	-0.013887944
6.645	-0.01373389
6.65	-0.013488204
6.655	-0.013158841
6.66	-0.012749815
6.665	-0.012260623
6.67	-0.011688877
6.675	-0.011030464
6.68	-0.010283075
6.685	-0.009446864
6.69	-0.008526959
6.695	-0.007533213
6.7	-0.006480802
6.705	-0.005388313
6.71	-0.004277037
6.715	-0.003167646
6.72	-0.002079485
6.725	-0.00102692
6.73	-2.04245E-05
6.735	0.000935737
6.74	0.001841079
6.745	0.002699038
6.75	0.003514448
6.755	0.004291925
6.76	0.005034129
6.765	0.005740969
6.77	0.00640837
6.775	0.007029446
6.78	0.007593819
6.785	0.008090178
6.79	0.008505811
6.795	0.008829248
6.8	0.009049883
6.805	0.009159479
6.81	0.009152196
6.815	0.009024441
6.82	0.008774638
6.825	0.0084027
6.83	0.007909548
6.835	0.007295917
6.84	0.006562665
6.845	0.005709135
6.85	0.004734069
6.855	0.003634828
6.86	0.00240906
6.865	0.001054608
6.87	-0.000427204
6.875	-0.002032364
6.88	-0.003749715
6.885	-0.005562622
6.89	-0.007445436
6.895	-0.009366425
6.9	-0.011286482
6.905	-0.013163961
6.91	-0.014954581
6.915	-0.016617391
6.92	-0.018115377
6.925	-0.019420356
6.93	-0.020513149
6.935	-0.021384014
6.94	-0.022033563
6.945	-0.022469461
6.95	-0.022705398
6.955	-0.022757908
6.96	-0.022643749
6.965	-0.022378327
6.97	-0.021974029
6.975	-0.021440037
6.98	-0.020782618
6.985	-0.020006379
6.99	-0.019114988
6.995	-0.018114153
7	-0.017010447
7.005	-0.015814506
7.01	-0.014538493
7.015	-0.013197717
7.02	-0.011807988
7.025	-0.010385748
7.03	-0.008945315
7.035	-0.007499625
7.04	-0.00605752
7.045	-0.004626566
7.05	-0.003210262
7.055	-0.001812359
7.06	-0.000434647
7.065	0.000919554
7.07	0.002246121
7.075	0.003538802
7.08	0.004789916
7.085	0.005990209
7.09	0.007130471
7.095	0.00820117
7.1	0.009195239
7.105	0.010106743
7.11	0.010933369
7.115	0.011674807
7.12	0.012333656
7.125	0.012914303
7.13	0.013422526
7.135	0.013864236
7.14	0.014245034
7.145	0.014569296
7.15	0.014839903
7.155	0.015057665
7.16	0.015221427
7.165	0.015327804
7.17	0.015371975
7.175	0.015347713
7.18	0.015248247
7.185	0.015066668
7.19	0.014797088
7.195	0.014435125
7.2	0.01397875
7.205	0.01342912
7.21	0.012790296
7.215	0.012070145
7.22	0.011279104
7.225	0.010430492
7.23	0.00953845
7.235	0.008618187
7.24	0.007683422
7.245	0.006747118
7.25	0.005819113
7.255	0.004907237
7.26	0.004016296
7.265	0.003149678
7.27	0.002308936
7.275	0.001495345
7.28	0.000710761
7.285	-4.22914E-05
7.29	-0.000759689
7.295	-0.001436392
7.3	-0.002065987
7.305	-0.002641995
7.31	-0.003157707
7.315	-0.003608046
7.32	-0.003988566
7.325	-0.004297328
7.33	-0.004533737
7.335	-0.00469929
7.34	-0.004796509
7.345	-0.004828641
7.35	-0.004799403
7.355	-0.004712044
7.36	-0.004569398
7.365	-0.004373459
7.37	-0.004125707
7.375	-0.003827256
7.38	-0.003479292
7.385	-0.003083422
7.39	-0.002642179
7.395	-0.002159116
7.4	-0.001639174
7.405	-0.00108817
7.41	-0.000512719
7.415	8.05178E-05
7.42	0.000685296
7.425	0.001296937
7.43	0.001912071
7.435	0.002530387
7.44	0.003153334
7.445	0.003785298
7.45	0.004432436
7.455	0.005102105
7.46	0.005802082
7.465	0.006539325
7.47	0.007318806
7.475	0.008143256
7.48	0.009011069
7.485	0.009918123
7.49	0.010855191
7.495	0.011810929
7.5	0.012770224
7.505	0.013717299
7.51	0.014634827
7.515	0.015506893
7.52	0.016318103
7.525	0.017056433
7.53	0.017711645
7.535	0.018277116
7.54	0.018748892
7.545	0.01912548
7.55	0.019407308
7.555	0.019596284
7.56	0.019694209
7.565	0.019702913
7.57	0.019623315
7.575	0.019454913
7.58	0.019195732
7.585	0.018841686
7.59	0.018387398
7.595	0.01782619
7.6	0.017150734
7.605	0.016353546
7.61	0.015427197
7.615	0.014366793
7.62	0.013168115
7.625	0.011831337
7.63	0.010358548
7.635	0.008757208
7.64	0.007037415
7.645	0.005214753
7.65	0.003306753
7.655	0.001335702
7.66	-0.000676031
7.665	-0.002703484
7.67	-0.004723541
7.675	-0.006713475
7.68	-0.008654073
7.685	-0.010528301
7.69	-0.012323355
7.695	-0.014028369
7.7	-0.015635587
7.705	-0.017137328
7.71	-0.018526752
7.715	-0.019794902
7.72	-0.020931628
7.725	-0.021924127
7.73	-0.022758532
7.735	-0.023420269
7.74	-0.023896424
7.745	-0.024177231
7.75	-0.024257725
7.755	-0.024139876
7.76	-0.023831869
7.765	-0.023349022
7.77	-0.022711487
7.775	-0.021943165
7.78	-0.021068791
7.785	-0.020112494
7.79	-0.019094858
7.795	-0.018032759
7.8	-0.016937619
7.805	-0.015817802
7.81	-0.014677009
7.815	-0.013518532
7.82	-0.012343394
7.825	-0.011154102
7.83	-0.009953497
7.835	-0.008746088
7.84	-0.007536627
7.845	-0.006330739
7.85	-0.005132716
7.855	-0.003946934
7.86	-0.002775423
7.865	-0.00162032
7.87	-0.000481828
7.875	0.000638847
7.88	0.001740675
7.885	0.002820371
7.89	0.003873581
7.895	0.004892992
7.9	0.005869952
7.905	0.006793797
7.91	0.007653372
7.915	0.008436613
7.92	0.009132585
7.925	0.009730609
7.93	0.010222115
7.935	0.010599673
7.94	0.010857487
7.945	0.010991011
7.95	0.010996619
7.955	0.010871631
7.96	0.010613616
7.965	0.010221083
7.97	0.009692957
7.975	0.009029335
7.98	0.008232106
7.985	0.007304757
7.99	0.006254299
7.995	0.005089514
8	0.0038235
8.005	0.002470983
8.01	0.001050008
8.015	-0.000420887
8.02	-0.001921943
8.025	-0.003434928
8.03	-0.00494273
8.035	-0.006431827
8.04	-0.007891061
8.045	-0.009313637
8.05	-0.010694992
8.055	-0.012033897
8.06	-0.01332959
8.065	-0.014582226
8.07	-0.015790444
8.075	-0.016951589
8.08	-0.018060263
8.085	-0.01910883
8.09	-0.020087203
8.095	-0.020984629
8.1	-0.021789677
8.105	-0.02249229
8.11	-0.02308459
8.115	-0.023561645
8.12	-0.023921987
8.125	-0.024167323
8.13	-0.024301959
8.135	-0.024331838
8.14	-0.024263239
8.145	-0.024101116
8.15	-0.023848698
8.155	-0.023506138
8.16	-0.023070864
8.165	-0.022537451
8.17	-0.021899099
8.175	-0.021148384
8.18	-0.020279285
8.185	-0.019287283
8.19	-0.018171789
8.195	-0.016935069
8.2	-0.015583762
8.205	-0.014126659
8.21	-0.012575663
8.215	-0.010943059
8.22	-0.009243335
8.225	-0.007489865
8.23	-0.005698675
8.235	-0.003885003
8.24	-0.00206738
8.245	-0.000264974
8.25	0.001500471
8.255	0.003207882
8.26	0.004836136
8.265	0.006369056
8.27	0.007794784
8.275	0.009109963
8.28	0.010317931
8.285	0.011429323
8.29	0.012458457
8.295	0.013420534
8.3	0.01432753
8.305	0.015183805
8.31	0.015985714
8.315	0.016719414
8.32	0.017364478
8.325	0.017895464
8.33	0.018288154
8.335	0.018522343
8.34	0.018586433
8.345	0.018478189
8.35	0.018204881
8.355	0.017781515
8.36	0.017226841
8.365	0.016560661
8.37	0.015800159
8.375	0.014958367
8.38	0.014043901
8.385	0.013061883
8.39	0.012015756
8.395	0.010910255
8.4	0.00975263
8.405	0.008555095
8.41	0.007333613
8.415	0.006108428
8.42	0.004900876
8.425	0.003732518
8.43	0.002621697
8.435	0.001582866
8.44	0.000624743
8.445	-0.000249287
8.45	-0.001040896
8.455	-0.00175503
8.46	-0.00239927
8.465	-0.002980782
8.47	-0.00350641
8.475	-0.003980582
8.48	-0.004405657
8.485	-0.004781705
8.49	-0.005107035
8.495	-0.005378847
8.5	-0.005594797
8.505	-0.005752922
8.51	-0.00585298
8.515	-0.005896626
8.52	-0.005887087
8.525	-0.005829691
8.53	-0.005730183
8.535	-0.005595354
8.54	-0.005431189
8.545	-0.005243407
8.55	-0.005035918
8.555	-0.004811435
8.56	-0.004570845
8.565	-0.004313722
8.57	-0.004038559
8.575	-0.003743274
8.58	-0.003425551
8.585	-0.003083688
8.59	-0.002716764
8.595	-0.002325302
8.6	-0.001910931
8.605	-0.001477229
8.61	-0.001028949
8.615	-0.000572414
8.62	-0.000114483
8.625	0.000337528
8.63	0.000776248
8.635	0.001195294
8.64	0.00158915
8.645	0.001954278
8.65	0.002288577
8.655	0.002592307
8.66	0.002867275
8.665	0.003117244
8.67	0.003346671
8.675	0.003560661
8.68	0.003763848
8.685	0.003960052
8.69	0.004151054
8.695	0.004336549
8.7	0.004513305
8.705	0.00467552
8.71	0.004814447
8.715	0.00491941
8.72	0.004978166
8.725	0.004977896
8.73	0.004906406
8.735	0.004753148
8.74	0.004510601
8.745	0.004174772
8.75	0.003746309
8.755	0.003230552
8.76	0.002637405
8.765	0.001980962
8.77	0.001278682
8.775	0.000549765
8.78	-0.000185404
8.785	-0.000907595
8.79	-0.001598712
8.795	-0.002243822
8.8	-0.002830657
8.805	-0.003350402
8.81	-0.003796458
8.815	-0.004164875
8.82	-0.004452922
8.825	-0.004659116
8.83	-0.00478241
8.835	-0.004822505
8.84	-0.004779877
8.845	-0.004656284
8.85	-0.004455309
8.855	-0.004182454
8.86	-0.003845313
8.865	-0.003452694
8.87	-0.003014371
8.875	-0.002539802
8.88	-0.002037109
8.885	-0.001511693
8.89	-0.000966949
8.895	-0.000402965
8.9	0.00018103
8.905	0.000787319
8.91	0.001416415
8.915	0.002066941
8.92	0.002733808
8.925	0.003407844
8.93	0.00407583
8.935	0.004721823
8.94	0.005327666
8.945	0.005876088
8.95	0.006351195
8.955	0.006741138
8.96	0.007038482
8.965	0.007241006
8.97	0.007351565
8.975	0.007376855
8.98	0.007326657
8.985	0.007211862
8.99	0.007043099
8.995	0.006829668
9	0.006578038
9.005	0.00629204
9.01	0.005972193
9.015	0.005616932
9.02	0.005222679
9.025	0.004785659
9.03	0.004302552
9.035	0.00377178
9.04	0.003193947
9.045	0.002572726
9.05	0.001914497
9.055	0.001228373
9.06	0.00052482
9.065	-0.000184488
9.07	-0.000888197
9.075	-0.001575585
9.08	-0.002237793
9.085	-0.002867649
9.09	-0.003459704
9.095	-0.004010143
9.1	-0.004515521
9.105	-0.0049725
9.11	-0.005377527
9.115	-0.005725523
9.12	-0.006011048
9.125	-0.006227828
9.13	-0.006370009
9.135	-0.006432727
9.14	-0.00641343
9.145	-0.006312124
9.15	-0.00613258
9.155	-0.005881735
9.16	-0.005568878
9.165	-0.005205927
9.17	-0.004804285
9.175	-0.004375916
9.18	-0.003929616
9.185	-0.003472442
9.19	-0.00300739
9.195	-0.002534924
9.2	-0.002052329
9.205	-0.001555245
9.21	-0.001038312
9.215	-0.000496226
9.22	7.56416E-05
9.225	0.000680187
9.23	0.001318819
9.235	0.001990237
9.24	0.002692257
9.245	0.003419531
9.25	0.004165728
9.255	0.004922059
9.26	0.005678289
9.265	0.006422064
9.27	0.007139781
9.275	0.00781592
9.28	0.008434983
9.285	0.008981016
9.29	0.009440066
9.295	0.009800159
9.3	0.010053263
9.305	0.010195911
9.31	0.010230064
9.315	0.010162253
9.32	0.010003881
9.325	0.00976951
9.33	0.009475628
9.335	0.009137796
9.34	0.008770468
9.345	0.008384155
9.35	0.007984639
9.355	0.00757312
9.36	0.007145921
9.365	0.006695954
9.37	0.006213844
9.375	0.005689703
9.38	0.005114927
9.385	0.004483417
9.39	0.003793042
9.395	0.003045861
9.4	0.00224808
9.405	0.001409423
9.41	0.000542576
9.415	-0.000338611
9.42	-0.001219729
9.425	-0.002087462
9.43	-0.002930187
9.435	-0.003738782
9.44	-0.004506539
9.445	-0.005229548
9.45	-0.005905551
9.455	-0.006534628
9.46	-0.00711704
9.465	-0.007654226
9.47	-0.008146719
9.475	-0.008595177
9.48	-0.008999344
9.485	-0.009358582
9.49	-0.00967175
9.495	-0.009937806
9.5	-0.010155991
9.505	-0.010326236
9.51	-0.010449097
9.515	-0.010525988
9.52	-0.01055886
9.525	-0.010549741
9.53	-0.010500427
9.535	-0.010411559
9.54	-0.010282746
9.545	-0.010111445
9.55	-0.009893863
9.555	-0.009624337
9.56	-0.009296577
9.565	-0.008903889
9.57	-0.008441176
9.575	-0.007904634
9.58	-0.007294475
9.585	-0.006613854
9.59	-0.005870541
9.595	-0.005076012
9.6	-0.004245403
9.605	-0.00339591
9.61	-0.002545953
9.615	-0.001713115
9.62	-0.000913305
9.625	-0.000158797
9.63	0.000542157
9.635	0.001186239
9.64	0.001774114
9.645	0.002310887
9.65	0.002803814
9.655	0.00326209
9.66	0.003694949
9.665	0.004109715
9.67	0.004512018
9.675	0.004904105
9.68	0.005285122
9.685	0.005651271
9.69	0.005996612
9.695	0.006313642
9.7	0.006594825
9.705	0.006832914
9.71	0.007022579
9.715	0.007160216
9.72	0.007244388
9.725	0.007275742
9.73	0.007256077
9.735	0.007188479
9.74	0.007075557
9.745	0.006919649
9.75	0.006721781
9.755	0.006481836
9.76	0.006198372
9.765	0.005869275
9.77	0.005491853
9.775	0.005064367
9.78	0.00458607
9.785	0.004058584
9.79	0.003485509
9.795	0.002873571
9.8	0.002231524
9.805	0.001570805
9.81	0.000903312
9.815	0.000242387
9.82	-0.000400096
9.825	-0.001013217
9.83	-0.001588831
9.835	-0.002121371
9.84	-0.002608426
9.845	-0.00305077
9.85	-0.003451796
9.855	-0.003816692
9.86	-0.004151802
9.865	-0.004463178
9.87	-0.004756296
9.875	-0.005034509
9.88	-0.005299167
9.885	-0.005548712
9.89	-0.005779376
9.895	-0.005985216
9.9	-0.006159177
9.905	-0.006293572
9.91	-0.006381735
9.915	-0.006418156
9.92	-0.006399654
9.925	-0.006325795
9.93	-0.006198804
9.935	-0.006023313
9.94	-0.005805555
9.945	-0.005552929
9.95	-0.005272705
9.955	-0.004971247
9.96	-0.004653593
9.965	-0.004322636
9.97	-0.003979015
9.975	-0.003621933
9.98	-0.003248855
9.985	-0.002857043
9.99	-0.002443568
9.995	-0.002006624
10	-0.001546098
10.005	-0.001063097
10.01	-0.000561478
10.015	-4.5902E-05
10.02	0.000476545
10.025	0.000998887
10.03	0.00151322
10.035	0.002012565
10.04	0.002489965
10.045	0.002939471
10.05	0.003356312
10.055	0.003736814
10.06	0.004078209
10.065	0.004378229
10.07	0.004635315
10.075	0.004848882
10.08	0.005018441
10.085	0.005144395
10.09	0.005227602
10.095	0.005269921
10.1	0.005273741
10.105	0.005242208
10.11	0.005179288
10.115	0.005088922
10.12	0.004975513
10.125	0.0048429
10.13	0.004694539
10.135	0.004533278
10.14	0.004360928
10.145	0.004178327
10.15	0.003986042
10.155	0.003783836
10.16	0.003571544
10.165	0.003348915
10.17	0.003116005
10.175	0.002874045
10.18	0.002624532
10.185	0.002369457
10.19	0.002111703
10.195	0.001854262
10.2	0.001599979
10.205	0.00135152
10.21	0.001110807
10.215	0.000878927
10.22	0.0006564
10.225	0.000442527
10.23	0.00023604
10.235	3.4856E-05
10.24	-0.000162843
10.245	-0.000359632
10.25	-0.000557148
10.255	-0.000757017
10.26	-0.000960131
10.265	-0.001166285
10.27	-0.001375308
10.275	-0.001585563
10.28	-0.001795203
10.285	-0.002002255
10.29	-0.00220391
10.295	-0.002397901
10.3	-0.002581724
10.305	-0.002753253
10.31	-0.002910558
10.315	-0.003052058
10.32	-0.00317645
10.325	-0.003282747
10.33	-0.003370145
10.335	-0.003437862
10.34	-0.003485458
10.345	-0.003512435
10.35	-0.003518256
10.355	-0.003502618
10.36	-0.003465332
10.365	-0.00340615
10.37	-0.003325092
10.375	-0.003222633
10.38	-0.003099101
10.385	-0.002955493
10.39	-0.002792781
10.395	-0.00261215
10.4	-0.002414934
10.405	-0.002202556
10.41	-0.001976675
10.415	-0.001738693
10.42	-0.001489665
10.425	-0.00123097
10.43	-0.000963741
10.435	-0.000689403
10.44	-0.000408869
10.445	-0.000123272
10.45	0.000166008
10.455	0.000457444
10.46	0.000749401
10.465	0.001039865
10.47	0.001326935
10.475	0.001608721
10.48	0.001882635
10.485	0.002146596
10.49	0.002398848
10.495	0.002637048
10.5	0.002859611
10.505	0.003064695
10.51	0.003250944
10.515	0.003417157
10.52	0.003562362
10.525	0.003685849
10.53	0.003786884
10.535	0.003865099
10.54	0.003920289
10.545	0.003952666
10.55	0.00396221
10.555	0.003949333
10.56	0.003914821
10.565	0.003859102
10.57	0.003782824
10.575	0.003686803
10.58	0.003571539
10.585	0.003438151
10.59	0.003287103
10.595	0.003119104
10.6	0.002934896
10.605	0.002735677
10.61	0.002522552
10.615	0.002296977
10.62	0.002060683
10.625	0.001815401
10.63	0.001563451
10.635	0.001307022
10.64	0.001048299
10.645	0.00078957
10.65	0.000532758
10.655	0.000279737
10.66	3.22476E-05
10.665	-0.000208392
10.67	-0.000440842
10.675	-0.000664153
10.68	-0.000876808
10.685	-0.001078017
10.69	-0.001266328
10.695	-0.00144065
10.7	-0.001599691
10.705	-0.001742053
10.71	-0.001866904
10.715	-0.001973055
10.72	-0.002060017
10.725	-0.002127486
10.73	-0.002175046
10.735	-0.002203354
10.74	-0.002212516
10.745	-0.002203195
10.75	-0.002176284
10.755	-0.002131924
10.76	-0.002071182
10.765	-0.001994401
10.77	-0.001902015
10.775	-0.001794316
10.78	-0.001671533
10.785	-0.001534037
10.79	-0.001382576
10.795	-0.001217448
10.8	-0.001039856
10.805	-0.000850691
10.81	-0.000651679
10.815	-0.000444391
10.82	-0.000230878
10.825	-1.30969E-05
10.83	0.000206873
10.835	0.000426665
10.84	0.000644425
10.845	0.000858191
10.85	0.001066446
10.855	0.001267552
10.86	0.001460216
10.865	0.001643625
10.87	0.001816768
10.875	0.001979059
10.88	0.002129773
10.885	0.002268384
10.89	0.002394135
10.895	0.002506723
10.9	0.002605098
10.905	0.002689023
10.91	0.002757636
10.915	0.002810207
10.92	0.002846448
10.925	0.0028658
10.93	0.002868067
10.935	0.002853283
10.94	0.00282162
10.945	0.002773519
10.95	0.002709785
10.955	0.002631039
10.96	0.002538447
10.965	0.002432925
10.97	0.002315725
10.975	0.002187729
10.98	0.002049983
10.985	0.001903303
10.99	0.001748557
10.995	0.001586291
11	0.001417263
11.005	0.001242115
11.01	0.001061436
11.015	0.000876177
11.02	0.000687389
11.025	0.000496271
11.03	0.000304252
11.035	0.000113113
11.04	-7.54436E-05
11.045	-0.000259283
11.05	-0.000436569
11.055	-0.000605284
11.06	-0.000763907
11.065	-0.000910772
11.07	-0.001044865
11.075	-0.001165219
11.08	-0.001271547
11.085	-0.00136365
11.09	-0.001441666
11.095	-0.001505871
11.1	-0.001556787
11.105	-0.00159483
11.11	-0.001620411
11.115	-0.001633884
11.12	-0.001635487
11.125	-0.001625363
11.13	-0.0016035
11.135	-0.001569818
11.14	-0.001524415
11.145	-0.001467211
11.15	-0.001398379
11.155	-0.00131813
11.16	-0.001226811
11.165	-0.001125009
11.17	-0.001013174
11.175	-0.000892205
11.18	-0.000762749
11.185	-0.000625754
11.19	-0.000482113
11.195	-0.000332849
11.2	-0.000178904
11.205	-2.16066E-05
11.21	0.000138011
11.215	0.000298451
11.22	0.000458333
11.225	0.000616083
11.23	0.000770284
11.235	0.000919394
11.24	0.001061999
11.245	0.001196776
11.25	0.001322765
11.255	0.001438999
11.26	0.00154487
11.265	0.001640043
11.27	0.001724251
11.275	0.001797495
11.28	0.001859951
11.285	0.00191161
11.29	0.001952706
11.295	0.001983379
11.3	0.002003642
11.305	0.002013381
11.31	0.002012853
11.315	0.00200156
11.32	0.001979591
11.325	0.001946868
11.33	0.00190319
11.335	0.001848775
11.34	0.001783657
11.345	0.001708203
11.35	0.001622658
11.355	0.001527677
11.36	0.001423857
11.365	0.001311822
11.37	0.001192616
11.375	0.001066947
11.38	0.000936025
11.385	0.000800833
11.39	0.000662428
11.395	0.000522188
11.4	0.000381178
11.405	0.000240684
11.41	0.00010196
11.415	-3.3831E-05
11.42	-0.00016549
11.425	-0.000292029
11.43	-0.000412422
11.435	-0.000525991
11.44	-0.000631979
11.445	-0.000730078
11.45	-0.000819835
11.455	-0.000901259
11.46	-0.000974168
11.465	-0.001038786
11.47	-0.001095285
11.475	-0.001143753
11.48	-0.001184397
11.485	-0.00121724
11.49	-0.001242379
11.495	-0.001259603
11.5	-0.001268673
11.505	-0.001269458
11.51	-0.001261235
11.515	-0.001244068
11.52	-0.001217192
11.525	-0.001180471
11.53	-0.001133753
11.535	-0.001076953
11.54	-0.001010469
11.545	-0.000934805
11.55	-0.000850555
11.555	-0.00075879
11.56	-0.000660321
11.565	-0.000556869
11.57	-0.000449323
11.575	-0.000339281
11.58	-0.000227705
11.585	-0.000116083
11.59	-5.3667E-06
11.595	0.000103805
11.6	0.000210554
11.605	0.000314335
11.61	0.000414673
11.615	0.000511361
11.62	0.00060406
11.625	0.000692624
11.63	0.000776626
11.635	0.000856025
11.64	0.000930283
11.645	0.000999184
11.65	0.001062325
11.655	0.001119244
11.66	0.001169523
11.665	0.001212677
11.67	0.001248143
11.675	0.001275863
11.68	0.001295218
11.685	0.001306042
11.69	0.001308096
11.695	0.001301302
11.7	0.001285531
11.705	0.001261024
11.71	0.001227629
11.715	0.001185894
11.72	0.00113597
11.725	0.001078355
11.73	0.001013573
11.735	0.000942348
11.74	0.000865163
11.745	0.000782991
11.75	0.000696351
11.755	0.00060622
11.76	0.000513404
11.765	0.000418509
11.77	0.000322383
11.775	0.000225834
11.78	0.000129275
11.785	3.34895E-05
11.79	-6.07774E-05
11.795	-0.000153296
11.8	-0.000243141
11.805	-0.000330078
11.81	-0.000413386
11.815	-0.000492612
11.82	-0.00056709
11.825	-0.000636415
11.83	-0.00070018
11.835	-0.000757727
11.84	-0.000808818
11.845	-0.000853053
11.85	-0.00089034
11.855	-0.000920527
11.86	-0.000943677
11.865	-0.000959658
11.87	-0.000968954
11.875	-0.00097167
11.88	-0.00096814
11.885	-0.00095853
11.89	-0.000943357
11.895	-0.000922869
11.9	-0.00089699
11.905	-0.000866207
11.91	-0.000830395
11.915	-0.000789845
11.92	-0.000744516
11.925	-0.000694535
11.93	-0.00063997
11.935	-0.000581302
11.94	-0.000518599
11.945	-0.000452457
11.95	-0.000383553
11.955	-0.000312535
11.96	-0.000240263
11.965	-0.000167546
11.97	-9.53533E-05
11.975	-2.42489E-05
11.98	4.45688E-05
11.985	0.000110653
11.99	0.000173456
11.995	0.000232571
12	0.000287694
12.005	0.000338709
12.01	0.000385461
12.015	0.000427909
12.02	0.000466268
12.025	0.00050009
12.03	0.000529585
12.035	0.000554182
12.04	0.00057399
12.045	0.000588439
12.05	0.000597229
12.055	0.000599947
12.06	0.000596428
12.065	0.000586264
12.07	0.000569609
12.075	0.000546341
12.08	0.000516857
12.085	0.000481244
12.09	0.000440085
12.095	0.000393843
12.1	0.000343168
12.105	0.000288295
12.11	0.000229914
12.115	0.000168133
12.12	0.00010361
12.125	3.63704E-05
12.13	-3.35479E-05
12.135	-0.000105646
12.14	-0.000179873
12.145	-0.000255862
12.15	-0.000333036