t	Acceleration
0	0.00402674
0.005	0.00544541
0.01	0.0072373
0.015	0.00855151
0.02	0.00876402
0.025	0.00886494
0.03	0.00896241
0.035	0.00905112
0.04	0.00913137
0.045	0.00922356
0.05	0.0093328
0.055	0.00944632
0.06	0.00955413
0.065	0.00963429
0.07	0.00962915
0.075	0.00954648
0.08	0.00942152
0.085	0.00933175
0.09	0.00944769
0.095	0.00966209
0.1	0.00986846
0.105	0.00992664
0.11	0.00954337
0.115	0.0090865
0.12	0.00874382
0.125	0.00867976
0.13	0.00874749
0.135	0.0086652
0.14	0.00860338
0.145	0.00869356
0.15	0.00914596
0.155	0.00944473
0.16	0.00932933
0.165	0.00871577
0.17	0.00770352
0.175	0.00703383
0.18	0.0067987
0.185	0.00697496
0.19	0.00743683
0.195	0.00773677
0.2	0.00761807
0.205	0.00704043
0.21	0.00599455
0.215	0.00521822
0.22	0.00526045
0.225	0.00602648
0.23	0.00734228
0.235	0.00791929
0.24	0.00756697
0.245	0.00665123
0.25	0.00551357
0.255	0.0048264
0.26	0.00459055
0.265	0.00450258
0.27	0.00430819
0.275	0.00337011
0.28	0.00188509
0.285	0.000292942
0.29	-0.0011637
0.295	-0.00210664
0.3	-0.00158098
0.305	-1.90464E-05
0.31	0.00211415
0.315	0.00399367
0.32	0.00478451
0.325	0.00496625
0.33	0.00460972
0.335	0.00376677
0.34	0.0027884
0.345	0.00224832
0.35	0.00169465
0.355	0.000655041
0.36	-0.00204141
0.365	-0.00424587
0.37	-0.00535784
0.375	-0.00518304
0.38	-0.00493293
0.385	-0.00558818
0.39	-0.00646068
0.395	-0.00712211
0.4	-0.00682887
0.405	-0.0053094
0.41	-0.00297414
0.415	-0.00018244
0.42	0.00237664
0.425	0.0026981
0.43	0.000512927
0.435	-0.003863
0.44	-0.00984961
0.445	-0.0147064
0.45	-0.0164561
0.455	-0.0141002
0.46	-0.00684267
0.465	0.00198614
0.47	0.00347861
0.475	-0.00240937
0.48	-0.0146487
0.485	-0.0226615
0.49	-0.0183966
0.495	-0.007777
0.5	0.00437012
0.505	0.00632733
0.51	-0.000338129
0.515	-0.00709612
0.52	-0.0113561
0.525	-0.0123791
0.53	-0.0169795
0.535	-0.0214502
0.54	-0.0231564
0.545	-0.0180628
0.55	-0.0098133
0.555	-0.00478347
0.56	-0.00337481
0.565	-0.0054281
0.57	-0.00727619
0.575	-0.00795293
0.58	-0.00761938
0.585	-0.006372
0.59	-0.00309081
0.595	0.000612576
0.6	0.00289788
0.605	0.00252224
0.61	-0.0022174
0.615	-0.00855043
0.62	-0.0153713
0.625	-0.0219607
0.63	-0.0269803
0.635	-0.0261958
0.64	-0.0206909
0.645	-0.0120683
0.65	-0.00360115
0.655	-0.00132565
0.66	-0.0043739
0.665	-0.011874
0.67	-0.0225973
0.675	-0.0301486
0.68	-0.0304904
0.685	-0.0238155
0.69	-0.0108202
0.695	0.00200239
0.7	0.00793205
0.705	0.00733688
0.71	0.000949316
0.715	-0.00702881
0.72	-0.0139503
0.725	-0.0194687
0.73	-0.0220829
0.735	-0.0152245
0.74	-0.00130136
0.745	0.00707651
0.75	0.00525598
0.755	-0.0110448
0.76	-0.0250927
0.765	-0.0315352
0.77	-0.0307903
0.775	-0.0249919
0.78	-0.0156866
0.785	-0.00629971
0.79	0.0012923
0.795	0.00518426
0.8	0.00540483
0.805	0.00430841
0.81	0.00152734
0.815	-0.00304253
0.82	-0.00733918
0.825	-0.0072322
0.83	-0.00343051
0.835	0.00287039
0.84	0.0064268
0.845	0.00382207
0.85	-0.00130226
0.855	-0.00717547
0.86	-0.0115351
0.865	-0.0173235
0.87	-0.023213
0.875	-0.0268336
0.88	-0.0235018
0.885	-0.0108783
0.89	0.00127121
0.895	0.00906424
0.9	0.00837835
0.905	0.000418963
0.91	-0.00642331
0.915	-0.0108425
0.92	-0.0117271
0.925	-0.00667676
0.93	0.00231807
0.935	0.0114193
0.94	0.0171653
0.945	0.0101893
0.95	-0.00618314
0.955	-0.0224515
0.96	-0.0324739
0.965	-0.0251336
0.97	-0.00805265
0.975	0.00472977
0.98	0.00866408
0.985	0.000214816
0.99	-0.00627911
0.995	-0.00648741
1	-0.0022524
1.005	0.0024003
1.01	0.00167766
1.015	0.000390003
1.02	0.000105541
1.025	0.00221018
1.03	0.00324991
1.035	0.000288175
1.04	-0.00542608
1.045	-0.0127305
1.05	-0.019132
1.055	-0.0219781
1.06	-0.0193697
1.065	-0.0107751
1.07	0.00179861
1.075	0.00866628
1.08	0.0106984
1.085	0.00945622
1.09	0.0092155
1.095	0.0110375
1.1	0.0111464
1.105	0.00891189
1.11	0.00431048
1.115	0.00362116
1.12	0.00517212
1.125	0.00642424
1.13	0.00426903
1.135	-0.00263799
1.14	-0.0095006
1.145	-0.0155695
1.15	-0.0201758
1.155	-0.0220371
1.16	-0.0214258
1.165	-0.0183152
1.17	-0.0129032
1.175	-0.0067258
1.18	-0.00408165
1.185	-0.00323494
1.19	-0.00227682
1.195	0.00403412
1.2	0.0144999
1.205	0.0210338
1.21	0.0207173
1.215	0.0105132
1.22	0.00140413
1.225	-0.001948
1.23	-0.000865727
1.235	0.00175804
1.24	0.00147516
1.245	0.00126063
1.25	0.00135088
1.255	0.00176836
1.26	-0.00139439
1.265	-0.00877344
1.27	-0.0182643
1.275	-0.0273883
1.28	-0.0258079
1.285	-0.012168
1.29	0.00290853
1.295	0.012405
1.3	0.00379172
1.305	-0.00643043
1.31	-0.0073684
1.315	0.00192629
1.32	0.01577
1.325	0.0191939
1.33	0.0181085
1.335	0.015497
1.34	0.0153147
1.345	0.0144023
1.35	0.0116749
1.355	0.00757064
1.36	0.00273177
1.365	-0.00535828
1.37	-0.015341
1.375	-0.0245391
1.38	-0.0302735
1.385	-0.0248191
1.39	-0.01114
1.395	0.00424323
1.4	0.0165727
1.405	0.016852
1.41	0.011476
1.415	0.00631343
1.42	0.0033498
1.425	0.00292229
1.43	0.00398378
1.435	0.00680059
1.44	0.0107353
1.445	0.014233
1.45	0.0133816
1.455	0.00957162
1.46	0.00399999
1.465	-0.00177509
1.47	-0.00240812
1.475	0.000352577
1.48	0.00332022
1.485	0.00332623
1.49	-0.00377334
1.495	-0.00909599
1.5	-0.00925141
1.505	-0.00247209
1.51	0.00845214
1.515	0.0121545
1.52	0.00921339
1.525	0.00157236
1.53	-0.00283812
1.535	0.00114929
1.54	0.00707627
1.545	0.0116555
1.55	0.0100848
1.555	0.00490497
1.56	0.0011915
1.565	5.32405E-05
1.57	0.00224998
1.575	0.00603537
1.58	0.0095687
1.585	0.0124833
1.59	0.0144855
1.595	0.015228
1.6	0.0144798
1.605	0.0111909
1.61	0.00456547
1.615	-0.00598884
1.62	-0.0140255
1.625	-0.0175278
1.63	-0.0156593
1.635	-0.00921148
1.64	-0.00234681
1.645	0.00297151
1.65	0.00612427
1.655	0.00698411
1.66	0.00875664
1.665	0.00956347
1.67	0.00831776
1.675	0.00341142
1.68	0.000137027
1.685	0.000762244
1.69	0.00456626
1.695	0.010275
1.7	0.0144191
1.705	0.01531
1.71	0.0121509
1.715	0.0042862
1.72	-0.009516
1.725	-0.0221232
1.73	-0.0284692
1.735	-0.0250856
1.74	-0.00773568
1.745	0.0108857
1.75	0.0221799
1.755	0.0222496
1.76	0.0079054
1.765	-0.00426954
1.77	-0.00764427
1.775	-0.00221339
1.78	0.00841167
1.785	0.011992
1.79	0.00924906
1.795	0.0024881
1.8	-0.00469823
1.805	-0.0053103
1.81	-0.0007961
1.815	0.00673703
1.82	0.0148933
1.825	0.0164651
1.83	0.0132309
1.835	0.00721895
1.84	-0.000126329
1.845	-0.00873084
1.85	-0.0156223
1.855	-0.0163351
1.86	-0.00873765
1.865	0.00793944
1.87	0.018131
1.875	0.0183792
1.88	0.00895114
1.885	-0.00644043
1.89	-0.0177139
1.895	-0.0202898
1.9	-0.0126335
1.905	0.00687617
1.91	0.0281566
1.915	0.0395476
1.92	0.0379409
1.925	0.0208499
1.93	-0.00772267
1.935	-0.0280987
1.94	-0.0349916
1.945	-0.0244946
1.95	0.00113461
1.955	0.0245931
1.96	0.0394272
1.965	0.040981
1.97	0.0210597
1.975	-0.00377959
1.98	-0.0214045
1.985	-0.026732
1.99	-0.0158504
1.995	8.14983E-05
2	0.0126774
2.005	0.0189193
2.01	0.0155969
2.015	0.00319139
2.02	-0.0108384
2.025	-0.0223631
2.03	-0.0263989
2.035	-0.0140571
2.04	0.00541731
2.045	0.0254997
2.05	0.0395278
2.055	0.0329761
2.06	0.017102
2.065	-3.89439E-05
2.07	-0.0126505
2.075	-0.0152057
2.08	-0.0155409
2.085	-0.0146569
2.09	-0.0120143
2.095	-0.00312167
2.1	0.00827324
2.105	0.0134652
2.11	0.00933325
2.115	-0.00689245
2.12	-0.020326
2.125	-0.02291
2.13	-0.0140131
2.135	0.00548943
2.14	0.0217443
2.145	0.0255356
2.15	0.0182589
2.155	0.0025762
2.16	-0.00245313
2.165	0.00622657
2.17	0.0221422
2.175	0.0385168
2.18	0.0338999
2.185	0.0131776
2.19	-0.0101915
2.195	-0.0284987
2.2	-0.0352167
2.205	-0.0369353
2.21	-0.029353
2.215	-0.011699
2.22	0.0141051
2.225	0.0203355
2.23	0.0108068
2.235	-0.00732113
2.24	-0.0200922
2.245	-0.0187433
2.25	-0.0107609
2.255	0.00410821
2.26	0.0269772
2.265	0.0487237
2.27	0.0527288
2.275	0.0403942
2.28	0.0147268
2.285	-0.00101533
2.29	-0.00201447
2.295	0.00209353
2.3	0.00413944
2.305	-0.0072638
2.31	-0.0204415
2.315	-0.0272641
2.32	-0.0246272
2.325	-0.0123457
2.33	-0.00200962
2.335	0.00422521
2.34	0.00675841
2.345	0.00790229
2.35	0.0131364
2.355	0.0205605
2.36	0.0272274
2.365	0.0286487
2.37	0.0190407
2.375	0.00836539
2.38	-6.79506E-05
2.385	-0.00329968
2.39	-0.0053622
2.395	-0.00770879
2.4	-0.0066942
2.405	-0.000119059
2.41	0.0078727
2.415	0.0043858
2.42	-0.00658433
2.425	-0.020567
2.43	-0.0229879
2.435	-0.0114473
2.44	0.00110379
2.445	0.00860089
2.45	0.00327229
2.455	-0.00337745
2.46	-0.00304371
2.465	0.00492798
2.47	0.0191934
2.475	0.0315142
2.48	0.0394487
2.485	0.0424531
2.49	0.04019
2.495	0.0307696
2.5	0.0185147
2.505	0.00563559
2.51	-0.00578368
2.515	-0.0123554
2.52	-0.0138891
2.525	-0.0100987
2.53	-0.00123191
2.535	0.00984586
2.54	0.0161119
2.545	0.0166456
2.55	0.0111124
2.555	-0.00052283
2.56	-0.0130393
2.565	-0.0215148
2.57	-0.0222809
2.575	-0.00887319
2.58	0.0233561
2.585	0.0556565
2.59	0.0768979
2.595	0.0732162
2.6	0.0424891
2.605	0.0161989
2.61	1.58822E-05
2.615	-0.00173249
2.62	0.00739115
2.625	0.0187008
2.63	0.0296
2.635	0.0375153
2.64	0.0342206
2.645	0.0253169
2.65	0.0209091
2.655	0.0258495
2.66	0.0430752
2.665	0.0490186
2.67	0.0388485
2.675	0.0156748
2.68	-0.00773194
2.685	-0.00538894
2.69	0.0139394
2.695	0.0434716
2.7	0.0730349
2.705	0.0873455
2.71	0.0898042
2.715	0.0836076
2.72	0.072569
2.725	0.0630382
2.73	0.0557541
2.735	0.0513312
2.74	0.0503759
2.745	0.0554019
2.75	0.0628945
2.755	0.0694132
2.76	0.0723435
2.765	0.0662171
2.77	0.0529264
2.775	0.0362647
2.78	0.0183225
2.785	0.0023102
2.79	-0.00590079
2.795	-0.00444607
2.8	0.00702713
2.805	0.0285873
2.81	0.0469808
2.815	0.0519573
2.82	0.0438797
2.825	0.0248119
2.83	0.0207522
2.835	0.0331905
2.84	0.0496689
2.845	0.0572452
2.85	0.0295821
2.855	-0.0063713
2.86	-0.0378146
2.865	-0.0561779
2.87	-0.0552769
2.875	-0.0379591
2.88	-0.00681001
2.885	0.0342007
2.89	0.0716089
2.895	0.0839364
2.9	0.0781215
2.905	0.0588028
2.91	0.0340598
2.915	0.0105101
2.92	-0.0119095
2.925	-0.0312245
2.93	-0.0440665
2.935	-0.0364242
2.94	-0.0184778
2.945	-0.000763118
2.95	0.00534065
2.955	-0.0197227
2.96	-0.0488995
2.965	-0.070465
2.97	-0.0752083
2.975	-0.0552752
2.98	-0.0216643
2.985	0.0205351
2.99	0.0654375
2.995	0.0930192
3	0.0829786
3.005	0.0549704
3.01	0.0218542
3.015	0.00729695
3.02	0.00918793
3.025	0.0104173
3.03	0.00718992
3.035	-0.00239419
3.04	-0.0165087
3.045	-0.0374123
3.05	-0.062251
3.055	-0.0869643
3.06	-0.0879579
3.065	-0.0741336
3.07	-0.0553838
3.075	-0.0413741
3.08	-0.0493472
3.085	-0.0681553
3.09	-0.0883051
3.095	-0.103112
3.1	-0.102946
3.105	-0.0935987
3.11	-0.0785318
3.115	-0.0601212
3.12	-0.0430865
3.125	-0.0459356
3.13	-0.0646432
3.135	-0.0922573
3.14	-0.113626
3.145	-0.116078
3.15	-0.110917
3.155	-0.0995748
3.16	-0.0823518
3.165	-0.0602749
3.17	-0.0460492
3.175	-0.0413387
3.18	-0.0469113
3.185	-0.0538696
3.19	-0.0555913
3.195	-0.0527511
3.2	-0.0463159
3.205	-0.0410145
3.21	-0.0415055
3.215	-0.0461279
3.22	-0.0533333
3.225	-0.0588107
3.23	-0.0605969
3.235	-0.0588564
3.24	-0.0517727
3.245	-0.0336588
3.25	-0.00352675
3.255	0.0234084
3.26	0.0398617
3.265	0.0363242
3.27	0.0152613
3.275	-0.0023759
3.28	-0.0114941
3.285	-0.00783358
3.29	0.00288304
3.295	0.0240767
3.3	0.0630962
3.305	0.124035
3.31	0.183593
3.315	0.202174
3.32	0.191072
3.325	0.160667
3.33	0.140582
3.335	0.129963
3.34	0.121551
3.345	0.115447
3.35	0.120955
3.355	0.139278
3.36	0.154733
3.365	0.162076
3.37	0.156205
3.375	0.145554
3.38	0.134383
3.385	0.122307
3.39	0.108164
3.395	0.0852721
3.4	0.0539304
3.405	0.018514
3.41	-0.0162765
3.415	-0.0400464
3.42	-0.055282
3.425	-0.0617355
3.43	-0.0597833
3.435	-0.053746
3.44	-0.0574501
3.445	-0.0694745
3.45	-0.0867581
3.455	-0.0975655
3.46	-0.0894563
3.465	-0.0703369
3.47	-0.046055
3.475	-0.0275705
3.48	-0.0172768
3.485	-0.00619102
3.49	0.00520061
3.495	0.0139091
3.5	0.0047983
3.505	-0.0131076
3.51	-0.0341301
3.515	-0.0522254
3.52	-0.0619265
3.525	-0.0662919
3.53	-0.0637637
3.535	-0.0529859
3.54	-0.0303273
3.545	-0.00116182
3.55	0.0308828
3.555	0.0622604
3.56	0.0823092
3.565	0.0873014
3.57	0.0876464
3.575	0.0887927
3.58	0.0986809
3.585	0.111256
3.59	0.118652
3.595	0.117652
3.6	0.104302
3.605	0.0731317
3.61	0.0343592
3.615	-0.0032463
3.62	-0.0289957
3.625	-0.0210501
3.63	-0.00328891
3.635	0.0124704
3.64	0.015754
3.645	0.00348594
3.65	-0.00388937
3.655	-0.00555604
3.66	-0.00235302
3.665	-0.00446414
3.67	-0.0189051
3.675	-0.0436497
3.68	-0.0762814
3.685	-0.109601
3.69	-0.124917
3.695	-0.120234
3.7	-0.0965964
3.705	-0.0577347
3.71	-0.0460377
3.715	-0.067971
3.72	-0.10535
3.725	-0.127199
3.73	-0.0898817
3.735	-0.0543972
3.74	-0.0395404
3.745	-0.0617221
3.75	-0.104234
3.755	-0.129377
3.76	-0.138236
3.765	-0.13232
3.77	-0.117638
3.775	-0.0869738
3.78	-0.0542976
3.785	-0.0319832
3.79	-0.0528174
3.795	-0.0742315
3.8	-0.0676982
3.805	-0.0321233
3.81	0.0111398
3.815	0.0109247
3.82	-0.0122905
3.825	-0.0435386
3.83	-0.0597758
3.835	-0.0472203
3.84	-0.0247181
3.845	0.00346802
3.85	0.0335141
3.855	0.0521912
3.86	0.0441409
3.865	0.010592
3.87	-0.0448452
3.875	-0.0908992
3.88	-0.107987
3.885	-0.0976413
3.89	-0.0605278
3.895	0.00448211
3.9	0.0617856
3.905	0.0894577
3.91	0.0797623
3.915	0.0316895
3.92	-0.0104863
3.925	-0.0335077
3.93	-0.0357118
3.935	-0.019393
3.94	0.00748725
3.945	0.0384151
3.95	0.0683315
3.955	0.0906337
3.96	0.084025
3.965	0.0654837
3.97	0.0474928
3.975	0.0424313
3.98	0.0656971
3.985	0.0952903
3.99	0.123608
3.995	0.145666
4	0.16124
4.005	0.173889
4.01	0.180716
4.015	0.179378
4.02	0.16439
4.025	0.140942
4.03	0.112578
4.035	0.0779016
4.04	0.0302307
4.045	-0.022673
4.05	-0.0560785
4.055	-0.0641048
4.06	-0.0424144
4.065	-0.0251177
4.07	-0.0294626
4.075	-0.0508935
4.08	-0.0822266
4.085	-0.0872868
4.09	-0.0632363
4.095	-0.0227074
4.1	0.0219022
4.105	0.0413246
4.11	0.0440542
4.115	0.0376364
4.12	0.0255238
4.125	0.00581285
4.13	-0.014577
4.135	-0.0308982
4.14	-0.0407674
4.145	-0.0409868
4.15	-0.0244421
4.155	0.00441152
4.16	0.0403985
4.165	0.0740005
4.17	0.0816381
4.175	0.0723332
4.18	0.0538038
4.185	0.0358392
4.19	0.0225866
4.195	0.0173277
4.2	0.0273835
4.205	0.0586222
4.21	0.0996207
4.215	0.10937
4.22	0.0869038
4.225	0.0348814
4.23	-0.0208868
4.235	-0.0589879
4.24	-0.0820389
4.245	-0.0877128
4.25	-0.0614513
4.255	0.0051113
4.26	0.0770357
4.265	0.129949
4.27	0.120295
4.275	0.0456185
4.28	-0.0372395
4.285	-0.110559
4.29	-0.156573
4.295	-0.151567
4.3	-0.117452
4.305	-0.0731326
4.31	-0.0389046
4.315	-0.0457161
4.32	-0.062189
4.325	-0.0779143
4.33	-0.0851053
4.335	-0.0811715
4.34	-0.0690671
4.345	-0.0489869
4.35	-0.0228971
4.355	-0.00139138
4.36	0.00387833
4.365	0.00187147
4.37	-0.00311555
4.375	-0.00542539
4.38	-0.0103417
4.385	-0.016472
4.39	-0.0209419
4.395	-0.0183808
4.4	-0.0105708
4.405	-0.0103222
4.41	-0.0218294
4.415	-0.0489819
4.42	-0.0851048
4.425	-0.104403
4.43	-0.0970151
4.435	-0.0555759
4.44	0.0131438
4.445	0.0558076
4.45	0.0615158
4.455	0.0269797
4.46	-0.0276611
4.465	-0.0603578
4.47	-0.0745804
4.475	-0.0740402
4.48	-0.0688746
4.485	-0.058603
4.49	-0.0404524
4.495	-0.0178244
4.5	-0.000495549
4.505	-0.0140433
4.51	-0.0429722
4.515	-0.0765453
4.52	-0.100684
4.525	-0.110917
4.53	-0.121811
4.535	-0.1307
4.54	-0.133859
4.545	-0.111271
4.55	-0.0752054
4.555	-0.0387655
4.56	-0.0128487
4.565	-0.0180061
4.57	-0.0356216
4.575	-0.0493287
4.58	-0.0507009
4.585	-0.0325293
4.59	-0.00618779
4.595	0.0275692
4.6	0.069079
4.605	0.119948
4.61	0.154355
4.615	0.160957
4.62	0.142674
4.625	0.108102
4.63	0.0878038
4.635	0.0752858
4.64	0.0650194
4.645	0.0508267
4.65	0.0457804
4.655	0.0531529
4.66	0.0616218
4.665	0.060382
4.67	0.0259061
4.675	-0.0164223
4.68	-0.0490246
4.685	-0.0624766
4.69	-0.054607
4.695	-0.0521768
4.7	-0.0523439
4.705	-0.0506701
4.71	-0.0341777
4.715	-0.0145479
4.72	-0.00722426
4.725	-0.0157944
4.73	-0.0418237
4.735	-0.0683816
4.74	-0.0795
4.745	-0.0701782
4.75	-0.0357039
4.755	0.00897704
4.76	0.0379053
4.765	0.046197
4.77	0.030219
4.775	-0.0116848
4.78	-0.059002
4.785	-0.104637
4.79	-0.142861
4.795	-0.162218
4.8	-0.157738
4.805	-0.132935
4.81	-0.0905462
4.815	-0.0370116
4.82	-0.0037402
4.825	-0.0026833
4.83	-0.0316047
4.835	-0.0765998
4.84	-0.094372
4.845	-0.0906586
4.85	-0.0685293
4.855	-0.0320567
4.86	0.0111548
4.865	0.0317482
4.87	0.0213684
4.875	-0.0264578
4.88	-0.0810616
4.885	-0.106588
4.89	-0.103745
4.895	-0.0737651
4.9	-0.0197522
4.905	0.0410252
4.91	0.0922644
4.915	0.121945
4.92	0.105491
4.925	0.064938
4.93	0.0305007
4.935	0.0158238
4.94	0.0367955
4.945	0.0705987
4.95	0.0930084
4.955	0.0935899
4.96	0.0590969
4.965	-0.00799857
4.97	-0.0690293
4.975	-0.113305
4.98	-0.131096
4.985	-0.13488
4.99	-0.133187
4.995	-0.118037
5	-0.0826272
5.005	-0.028593
5.01	0.00571124
5.015	0.0123415
5.02	-0.0119218
5.025	-0.0570687
5.03	-0.0907333
5.035	-0.109028
5.04	-0.110221
5.045	-0.0930674
5.05	-0.0561463
5.055	-0.0159441
5.06	0.0125851
5.065	0.000516176
5.07	-0.0612796
5.075	-0.127237
5.08	-0.17948
5.085	-0.197865
5.09	-0.157708
5.095	-0.0912233
5.1	-0.0193732
5.105	0.0360054
5.11	0.0310641
5.115	0.00086076
5.12	-0.0309044
5.125	-0.0460032
5.13	-0.026242
5.135	-0.0032926
5.14	0.0133047
5.145	0.0199127
5.15	0.019584
5.155	0.0156792
5.16	0.00200318
5.165	-0.0255525
5.17	-0.0745298
5.175	-0.132292
5.18	-0.183819
5.185	-0.224721
5.19	-0.250939
5.195	-0.253861
5.2	-0.237494
5.205	-0.20668
5.21	-0.167463
5.215	-0.133939
5.22	-0.100209
5.225	-0.0671849
5.23	-0.0371984
5.235	-0.0351781
5.24	-0.0544719
5.245	-0.0781441
5.25	-0.0948856
5.255	-0.0892747
5.26	-0.0654612
5.265	-0.0252474
5.27	0.0267264
5.275	0.0749466
5.28	0.0719761
5.285	0.0288203
5.29	-0.0441101
5.295	-0.127704
5.3	-0.196055
5.305	-0.233949
5.31	-0.236592
5.315	-0.199571
5.32	-0.141291
5.325	-0.0752103
5.33	-0.00769623
5.335	0.0527867
5.34	0.0322754
5.345	-0.0483964
5.35	-0.129391
5.355	-0.164043
5.36	-0.0780333
5.365	0.032019
5.37	0.115877
5.375	0.15273
5.38	0.141262
5.385	0.115657
5.39	0.0794442
5.395	0.037377
5.4	0.000506292
5.405	0.0055089
5.41	0.0345882
5.415	0.0696232
5.42	0.0825477
5.425	0.0385266
5.43	-0.0203208
5.435	-0.0705418
5.44	-0.0877967
5.445	-0.0403068
5.45	0.0192415
5.455	0.0720123
5.46	0.102456
5.465	0.0964226
5.47	0.0770284
5.475	0.0584635
5.48	0.049071
5.485	0.0570098
5.49	0.0645373
5.495	0.0684559
5.5	0.0705137
5.505	0.0802545
5.51	0.0950319
5.515	0.100549
5.52	0.0936147
5.525	0.0728029
5.53	0.0455741
5.535	0.0160306
5.54	-0.00864022
5.545	-0.0191322
5.55	0.0125054
5.555	0.0634058
5.56	0.122981
5.565	0.180619
5.57	0.213916
5.575	0.208522
5.58	0.167281
5.585	0.0962946
5.59	0.0301065
5.595	0.0164838
5.6	0.049716
5.605	0.120682
5.61	0.198704
5.615	0.235064
5.62	0.233643
5.625	0.196642
5.63	0.127357
5.635	0.0436028
5.64	-0.0259173
5.645	-0.0705394
5.65	-0.0785031
5.655	-0.0664943
5.66	-0.0713971
5.665	-0.0982543
5.67	-0.149809
5.675	-0.206089
5.68	-0.24225
5.685	-0.256638
5.69	-0.248914
5.695	-0.225725
5.7	-0.202865
5.705	-0.182247
5.71	-0.164175
5.715	-0.145482
5.72	-0.119527
5.725	-0.0889082
5.73	-0.0570515
5.735	-0.0325917
5.74	-0.0123838
5.745	0.0181695
5.75	0.0632242
5.755	0.126429
5.76	0.194368
5.765	0.252186
5.77	0.296101
5.775	0.323024
5.78	0.32432
5.785	0.306204
5.79	0.273986
5.795	0.232907
5.8	0.189441
5.805	0.133848
5.81	0.0689793
5.815	-0.000357831
5.82	-0.0512992
5.825	-0.0805089
5.83	-0.104598
5.835	-0.133152
5.84	-0.181436
5.845	-0.240731
5.85	-0.288162
5.855	-0.312987
5.86	-0.300524
5.865	-0.268541
5.87	-0.247452
5.875	-0.243397
5.88	-0.260625
5.885	-0.288746
5.89	-0.313354
5.895	-0.329211
5.9	-0.3314
5.905	-0.309027
5.91	-0.284729
5.915	-0.271084
5.92	-0.275987
5.925	-0.295795
5.93	-0.293822
5.935	-0.267946
5.94	-0.219259
5.945	-0.157894
5.95	-0.0892828
5.955	-0.0176767
5.96	0.0475988
5.965	0.082292
5.97	0.0578641
5.975	0.00945342
5.98	-0.046329
5.985	-0.088183
5.99	-0.10977
5.995	-0.11943
6	-0.116447
6.005	-0.0997628
6.01	-0.0740376
6.015	-0.0460581
6.02	-0.0130996
6.025	0.0264664
6.03	0.0665205
6.035	0.0908824
6.04	0.106204
6.045	0.119636
6.05	0.155135
6.055	0.21068
6.06	0.271514
6.065	0.329914
6.07	0.374888
6.075	0.396494
6.08	0.408281
6.085	0.420328
6.09	0.449491
6.095	0.496501
6.1	0.535045
6.105	0.55976
6.11	0.566728
6.115	0.567868
6.12	0.565664
6.125	0.548213
6.13	0.502409
6.135	0.374203
6.14	0.223907
6.145	0.118827
6.15	0.106803
6.155	0.243836
6.16	0.389335
6.165	0.478347
6.17	0.483363
6.175	0.394633
6.18	0.296009
6.185	0.224412
6.19	0.190751
6.195	0.201204
6.2	0.211138
6.205	0.183508
6.21	0.11037
6.215	-0.0135594
6.22	-0.141703
6.225	-0.236824
6.23	-0.309667
6.235	-0.375149
6.24	-0.463103
6.245	-0.519055
6.25	-0.530903
6.255	-0.492953
6.26	-0.436189
6.265	-0.384062
6.27	-0.330611
6.275	-0.276914
6.28	-0.245016
6.285	-0.257552
6.29	-0.278468
6.295	-0.283909
6.3	-0.22952
6.305	-0.13309
6.31	-0.044699
6.315	0.0198792
6.32	0.0454632
6.325	0.0300228
6.33	-0.00950323
6.335	-0.0618453
6.34	-0.113678
6.345	-0.128324
6.35	-0.1105
6.355	-0.0528045
6.36	0.0498246
6.365	0.18771
6.37	0.253999
6.375	0.223505
6.38	0.087241
6.385	-0.116182
6.39	-0.247977
6.395	-0.280717
6.4	-0.213821
6.405	-0.0858806
6.41	0.0453008
6.415	0.201248
6.42	0.36635
6.425	0.490172
6.43	0.418462
6.435	0.2627
6.44	0.0888198
6.445	-0.0186939
6.45	-0.0522085
6.455	-0.0792619
6.46	-0.0962489
6.465	-0.0968395
6.47	-0.0682145
6.475	-0.0299327
6.48	0.0151528
6.485	0.0639271
6.49	0.105144
6.495	0.133622
6.5	0.153976
6.505	0.168989
6.51	0.182759
6.515	0.203918
6.52	0.235455
6.525	0.27755
6.53	0.328361
6.535	0.353774
6.54	0.335252
6.545	0.271811
6.55	0.166844
6.555	0.049265
6.56	-0.0687237
6.565	-0.176954
6.57	-0.264358
6.575	-0.279261
6.58	-0.268599
6.585	-0.25176
6.59	-0.243508
6.595	-0.223129
6.6	-0.176402
6.605	-0.118741
6.61	-0.0596869
6.615	-0.00887183
6.62	0.0592816
6.625	0.161008
6.63	0.289427
6.635	0.398666
6.64	0.372904
6.645	0.28874
6.65	0.199717
6.655	0.194864
6.66	0.264879
6.665	0.317714
6.67	0.340399
6.675	0.327585
6.68	0.321641
6.685	0.319291
6.69	0.302109
6.695	0.252072
6.7	0.151313
6.705	0.0665976
6.71	0.0241399
6.715	0.0411585
6.72	0.125053
6.725	0.20661
6.73	0.249195
6.735	0.237533
6.74	0.169267
6.745	0.1441
6.75	0.179761
6.755	0.26821
6.76	0.375013
6.765	0.450689
6.77	0.509243
6.775	0.548894
6.78	0.563234
6.785	0.505398
6.79	0.378673
6.795	0.184094
6.8	-0.0742015
6.805	-0.27048
6.81	-0.301588
6.815	-0.218219
6.82	-0.0738582
6.825	-0.0318059
6.83	-0.0575264
6.835	-0.0877853
6.84	-0.087926
6.845	-0.0343329
6.85	0.0190965
6.855	0.0612384
6.86	0.0894161
6.865	0.105954
6.87	0.0919571
6.875	0.0546396
6.88	0.00625627
6.885	-0.0298765
6.89	-0.0199492
6.895	0.0197342
6.9	0.0817949
6.905	0.157657
6.91	0.235256
6.915	0.309559
6.92	0.370911
6.925	0.407459
6.93	0.34646
6.935	0.194549
6.94	0.0125844
6.945	-0.146374
6.95	-0.147133
6.955	-0.0256576
6.96	0.11379
6.965	0.212356
6.97	0.183218
6.975	0.0851226
6.98	0.00304498
6.985	-0.0385438
6.99	-0.0250745
6.995	-0.0235375
7	-0.0671719
7.005	-0.16041
7.01	-0.30375
7.015	-0.423601
7.02	-0.461742
7.025	-0.429343
7.03	-0.343998
7.035	-0.268731
7.04	-0.199194
7.045	-0.144537
7.05	-0.117079
7.055	-0.182168
7.06	-0.283756
7.065	-0.363536
7.07	-0.39418
7.075	-0.369506
7.08	-0.366402
7.085	-0.384031
7.09	-0.41396
7.095	-0.43036
7.1	-0.43476
7.105	-0.454605
7.11	-0.496117
7.115	-0.563044
7.12	-0.608261
7.125	-0.604347
7.13	-0.545763
7.135	-0.429473
7.14	-0.253422
7.145	-0.0924048
7.15	0.00600537
7.155	0.000883141
7.16	-0.148797
7.165	-0.283026
7.17	-0.344386
7.175	-0.302311
7.18	-0.160619
7.185	-0.0307101
7.19	0.0690648
7.195	0.133413
7.2	0.166117
7.205	0.137606
7.21	0.0541138
7.215	-0.0626907
7.22	-0.164412
7.225	-0.162803
7.23	-0.111669
7.235	-0.0434046
7.24	0.00137007
7.245	0.00427831
7.25	0.00714899
7.255	0.0122283
7.26	0.020017
7.265	0.0167376
7.27	0.0228895
7.275	0.0495179
7.28	0.101735
7.285	0.161088
7.29	0.182404
7.295	0.173584
7.3	0.141244
7.305	0.101958
7.31	0.0526669
7.315	0.00596247
7.32	-0.0248459
7.325	-0.0103502
7.33	0.0386811
7.335	0.0789803
7.34	0.100613
7.345	0.0966353
7.35	0.0945618
7.355	0.109846
7.36	0.137492
7.365	0.170051
7.37	0.17181
7.375	0.149409
7.38	0.117238
7.385	0.0888264
7.39	0.091701
7.395	0.114777
7.4	0.145549
7.405	0.175392
7.41	0.189611
7.415	0.184452
7.42	0.170323
7.425	0.155483
7.43	0.157752
7.435	0.186746
7.44	0.217054
7.445	0.233597
7.45	0.213416
7.455	0.152596
7.46	0.0897252
7.465	0.0423861
7.47	0.0300193
7.475	0.0699744
7.48	0.118357
7.485	0.162256
7.49	0.190231
7.495	0.195012
7.5	0.194717
7.505	0.195972
7.51	0.202423
7.515	0.211161
7.52	0.210803
7.525	0.209254
7.53	0.212822
7.535	0.236032
7.54	0.262737
7.545	0.275787
7.55	0.270116
7.555	0.24266
7.56	0.21195
7.565	0.18885
7.57	0.175582
7.575	0.173563
7.58	0.191481
7.585	0.221125
7.59	0.251423
7.595	0.270102
7.6	0.241075
7.605	0.18917
7.61	0.136151
7.615	0.100465
7.62	0.11201
7.625	0.148001
7.63	0.193947
7.635	0.240175
7.64	0.270014
7.645	0.265609
7.65	0.239935
7.655	0.204072
7.66	0.182027
7.665	0.185827
7.67	0.197991
7.675	0.213125
7.68	0.226147
7.685	0.245313
7.69	0.271367
7.695	0.297351
7.7	0.314207
7.705	0.277805
7.71	0.196434
7.715	0.0891249
7.72	-0.0236753
7.725	-0.0822996
7.73	-0.0939894
7.735	-0.078717
7.74	-0.0490461
7.745	-0.0149251
7.75	0.0218959
7.755	0.0616695
7.76	0.106332
7.765	0.163288
7.77	0.205306
7.775	0.200132
7.78	0.143928
7.785	0.0436411
7.79	-0.0270803
7.795	-0.0762393
7.8	-0.120564
7.805	-0.184734
7.81	-0.255919
7.815	-0.288995
7.82	-0.282846
7.825	-0.239147
7.83	-0.166295
7.835	-0.070792
7.84	0.019599
7.845	0.0791962
7.85	0.0383408
7.855	-0.0264838
7.86	-0.0683723
7.865	-0.0709192
7.87	-0.0526546
7.875	-0.0661485
7.88	-0.0940045
7.885	-0.125417
7.89	-0.141703
7.895	-0.152752
7.9	-0.171787
7.905	-0.199992
7.91	-0.235931
7.915	-0.25683
7.92	-0.257657
7.925	-0.243941
7.93	-0.223169
7.935	-0.220835
7.94	-0.231976
7.945	-0.246507
7.95	-0.254848
7.955	-0.237645
7.96	-0.207406
7.965	-0.175869
7.97	-0.150468
7.975	-0.14003
7.98	-0.130666
7.985	-0.113924
7.99	-0.0877624
7.995	-0.0547066
8	-0.0344409
8.005	-0.0302291
8.01	-0.0397396
8.015	-0.0563461
8.02	-0.0648786
8.025	-0.0703058
8.03	-0.0760442
8.035	-0.086322
8.04	-0.10586
8.045	-0.130073
8.05	-0.156101
8.055	-0.18119
8.06	-0.203257
8.065	-0.226568
8.07	-0.247092
8.075	-0.259813
8.08	-0.243097
8.085	-0.198969
8.09	-0.142772
8.095	-0.0820925
8.1	-0.0241068
8.105	0.0256683
8.11	0.0495285
8.115	0.0355
8.12	-0.0378678
8.125	-0.15877
8.13	-0.28841
8.135	-0.407036
8.14	-0.489255
8.145	-0.46474
8.15	-0.355258
8.155	-0.178762
8.16	0.0434067
8.165	0.265917
8.17	0.426606
8.175	0.497506
8.18	0.459958
8.185	0.325741
8.19	0.189752
8.195	0.058306
8.2	-0.0618666
8.205	-0.149522
8.21	-0.157045
8.215	-0.106699
8.22	-0.0165309
8.225	0.0748259
8.23	0.136871
8.235	0.17891
8.24	0.202111
8.245	0.205529
8.25	0.177174
8.255	0.128948
8.26	0.0701178
8.265	0.0119524
8.27	-0.0206233
8.275	-0.0311075
8.28	-0.0193236
8.285	0.0143641
8.29	0.069478
8.295	0.117646
8.3	0.147106
8.305	0.151602
8.31	0.134891
8.315	0.132597
8.32	0.124494
8.325	0.0813536
8.33	-0.0881652
8.335	-0.344967
8.34	-0.525792
8.345	-0.575947
8.35	-0.446362
8.355	-0.311211
8.36	-0.206909
8.365	-0.0981774
8.37	0.0784361
8.375	0.307227
8.38	0.417523
8.385	0.390754
8.39	0.221652
8.395	0.0672707
8.4	-0.00136302
8.405	-0.0308908
8.41	-0.0600742
8.415	-0.152287
8.42	-0.263856
8.425	-0.359632
8.43	-0.417378
8.435	-0.401994
8.44	-0.323561
8.445	-0.211692
8.45	-0.0805143
8.455	0.0511965
8.46	0.160495
8.465	0.213705
8.47	0.18404
8.475	0.0295951
8.48	-0.213369
8.485	-0.415168
8.49	-0.543743
8.495	-0.572513
8.5	-0.515748
8.505	-0.450244
8.51	-0.372132
8.515	-0.276012
8.52	-0.124774
8.525	0.0399827
8.53	0.193922
8.535	0.319072
8.54	0.381976
8.545	0.362852
8.55	0.289421
8.555	0.179752
8.56	0.0676964
8.565	-0.0253426
8.57	-0.09528
8.575	-0.129355
8.58	-0.099447
8.585	0.0460059
8.59	0.202769
8.595	0.303272
8.6	0.263545
8.605	0.0804845
8.61	-0.103058
8.615	-0.255886
8.62	-0.348379
8.625	-0.27293
8.63	-0.100771
8.635	0.0786401
8.64	0.195189
8.645	0.134895
8.65	0.00714353
8.655	-0.115785
8.66	-0.204938
8.665	-0.262747
8.67	-0.336984
8.675	-0.40369
8.68	-0.448067
8.685	-0.444803
8.69	-0.410202
8.695	-0.360603
8.7	-0.299277
8.705	-0.228059
8.71	-0.174271
8.715	-0.145349
8.72	-0.134013
8.725	-0.130719
8.73	-0.110389
8.735	-0.0786831
8.74	-0.0488975
8.745	-0.0346828
8.75	-0.0806
8.755	-0.16058
8.76	-0.234587
8.765	-0.276652
8.77	-0.248927
8.775	-0.179545
8.78	-0.0924058
8.785	-0.000369629
8.79	0.0772586
8.795	0.10996
8.8	0.105863
8.805	0.0714748
8.81	0.0175495
8.815	-0.0485602
8.82	-0.12795
8.825	-0.210118
8.83	-0.280455
8.835	-0.263699
8.84	-0.184435
8.845	-0.0685167
8.85	0.0561475
8.855	0.109636
8.86	0.0773151
8.865	0.000874259
8.87	-0.0859239
8.875	-0.112609
8.88	-0.102851
8.885	-0.0650885
8.89	-0.00386999
8.895	0.0745712
8.9	0.084728
8.905	0.0466088
8.91	-0.0121978
8.915	-0.0311866
8.92	0.000647282
8.925	0.0283267
8.93	0.0381964
8.935	0.0188549
8.94	-0.0152737
8.945	-0.0298057
8.95	-0.00635514
8.955	0.0718256
8.96	0.18105
8.965	0.22263
8.97	0.199775
8.975	0.123438
8.98	0.0811272
8.985	0.0997251
8.99	0.137783
8.995	0.167664
9	0.141231
9.005	0.0724852
9.01	-0.0184312
9.015	-0.124262
9.02	-0.23994
9.025	-0.336628
9.03	-0.370422
9.035	-0.307862
9.04	-0.0960753
9.045	0.142334
9.05	0.259221
9.055	0.278154
9.06	0.245448
9.065	0.252675
9.07	0.245497
9.075	0.23216
9.08	0.223278
9.085	0.272375
9.09	0.328426
9.095	0.348869
9.1	0.308046
9.105	0.19014
9.11	0.0771479
9.115	-0.00836053
9.12	-0.0622166
9.125	-0.098873
9.13	-0.139431
9.135	-0.167077
9.14	-0.174931
9.145	-0.154627
9.15	-0.137507
9.155	-0.132971
9.16	-0.133386
9.165	-0.125467
9.17	-0.068155
9.175	0.0283693
9.18	0.129851
9.185	0.19844
9.19	0.114876
9.195	-0.0131196
9.2	-0.127367
9.205	-0.191563
9.21	-0.226838
9.215	-0.283549
9.22	-0.329131
9.225	-0.34173
9.23	-0.281108
9.235	-0.210602
9.24	-0.177743
9.245	-0.18994
9.25	-0.233086
9.255	-0.231035
9.26	-0.19003
9.265	-0.122656
9.27	-0.0504533
9.275	-0.0210262
9.28	-0.0333446
9.285	-0.0719553
9.29	-0.117625
9.295	-0.109396
9.3	-0.0765152
9.305	-0.0461571
9.31	-0.0417447
9.315	-0.0887073
9.32	-0.142799
9.325	-0.19059
9.33	-0.224643
9.335	-0.241195
9.34	-0.228258
9.345	-0.174878
9.35	-0.071907
9.355	0.101026
9.36	0.258868
9.365	0.31966
9.37	0.283612
9.375	0.184904
9.38	0.181253
9.385	0.212179
9.39	0.235027
9.395	0.197435
9.4	0.120442
9.405	0.0722662
9.41	0.0503824
9.415	0.0496122
9.42	0.0508145
9.425	0.0539293
9.43	0.0542024
9.435	0.0452929
9.44	-0.00165044
9.445	-0.0827008
9.45	-0.167201
9.455	-0.235916
9.46	-0.255729
9.465	-0.240556
9.47	-0.211617
9.475	-0.174802
9.48	-0.132499
9.485	-0.0902863
9.49	-0.0501769
9.495	-0.0124851
9.5	0.0226989
9.505	0.0312116
9.51	0.0094919
9.515	-0.0346371
9.52	-0.0912018
9.525	-0.124197
9.53	-0.12257
9.535	-0.0965856
9.54	-0.0569451
9.545	-0.0363986
9.55	-0.0259099
9.555	-0.00930049
9.56	0.0228926
9.565	0.0811449
9.57	0.150111
9.575	0.20835
9.58	0.241794
9.585	0.224479
9.59	0.164203
9.595	0.0973847
9.6	0.0353625
9.605	-0.011123
9.61	-0.0504699
9.615	-0.0833764
9.62	-0.0991406
9.625	-0.0840383
9.63	-0.0135314
9.635	0.0698731
9.64	0.15314
9.645	0.224117
9.65	0.263003
9.655	0.270234
9.66	0.254011
9.665	0.221844
9.67	0.194673
9.675	0.191148
9.68	0.208462
9.685	0.244435
9.69	0.294042
9.695	0.337821
9.7	0.367994
9.705	0.385771
9.71	0.398268
9.715	0.430505
9.72	0.470046
9.725	0.503483
9.73	0.51189
9.735	0.47318
9.74	0.41846
9.745	0.353553
9.75	0.283131
9.755	0.189904
9.76	0.0754867
9.765	-0.0578847
9.77	-0.206504
9.775	-0.349845
9.78	-0.413858
9.785	-0.374374
9.79	-0.229508
9.795	-0.0248162
9.8	0.0629023
9.805	0.0478533
9.81	-0.030805
9.815	-0.0655805
9.82	0.0139514
9.825	0.103813
9.83	0.165613
9.835	0.15614
9.84	0.1097
9.845	0.0684863
9.85	0.0302591
9.855	-0.0111388
9.86	-0.0329235
9.865	0.0189308
9.87	0.133357
9.875	0.289768
9.88	0.336876
9.885	0.256048
9.89	0.132923
9.895	0.0237747
9.9	0.00369344
9.905	0.0101954
9.91	0.0207091
9.915	0.0320044
9.92	0.0597675
9.925	0.0981411
9.93	0.124581
9.935	0.13095
9.94	0.108494
9.945	0.0601695
9.95	0.00498425
9.955	-0.0469983
9.96	-0.0838254
9.965	-0.0846185
9.97	-0.0689729
9.975	-0.0475584
9.98	-0.0313051
9.985	-0.0461469
9.99	-0.0913775
9.995	-0.156655
10	-0.231449
10.005	-0.281249
10.01	-0.292211
10.015	-0.275172
10.02	-0.232481
10.025	-0.155194
10.03	-0.0620632
10.035	0.00568698
10.04	0.0349964
10.045	0.0172168
10.05	-0.00212292
10.055	-0.0145392
10.06	-0.0236864
10.065	-0.0380118
10.07	-0.0628749
10.075	-0.0873306
10.08	-0.107586
10.085	-0.120188
10.09	-0.132354
10.095	-0.161522
10.1	-0.196643
10.105	-0.224189
10.11	-0.18058
10.115	-0.100393
10.12	-0.0367298
10.125	-0.0192879
10.13	-0.0711699
10.135	-0.125677
10.14	-0.170353
10.145	-0.20283
10.15	-0.227871
10.155	-0.224435
10.16	-0.193081
10.165	-0.142458
10.17	-0.0906698
10.175	-0.0702174
10.18	-0.0735401
10.185	-0.095399
10.19	-0.129183
10.195	-0.156785
10.2	-0.171208
10.205	-0.170331
10.21	-0.152258
10.215	-0.107751
10.22	-0.0582288
10.225	-0.020768
10.23	-0.00760002
10.235	-0.0363484
10.24	-0.080781
10.245	-0.124072
10.25	-0.156711
10.255	-0.164683
10.26	-0.14255
10.265	-0.107456
10.27	-0.0721257
10.275	-0.0595496
10.28	-0.0801532
10.285	-0.101676
10.29	-0.11517
10.295	-0.112359
10.3	-0.129802
10.305	-0.195595
10.31	-0.298078
10.315	-0.420689
10.32	-0.468736
10.325	-0.462671
10.33	-0.43881
10.335	-0.421788
10.34	-0.398504
10.345	-0.307833
10.35	-0.199901
10.355	-0.117973
10.36	-0.173798
10.365	-0.27805
10.37	-0.336772
10.375	-0.326862
10.38	-0.257307
10.385	-0.200905
10.39	-0.146861
10.395	-0.0948154
10.4	-0.0474173
10.405	-0.0697306
10.41	-0.129633
10.415	-0.195787
10.42	-0.23161
10.425	-0.205639
10.43	-0.164503
10.435	-0.114237
10.44	-0.0605203
10.445	-0.0116261
10.45	0.0252615
10.455	0.056065
10.46	0.0855738
10.465	0.124724
10.47	0.174761
10.475	0.228441
10.48	0.278732
10.485	0.307915
10.49	0.310257
10.495	0.304068
10.5	0.289338
10.505	0.257176
10.51	0.172551
10.515	0.0814348
10.52	0.00964508
10.525	-0.0113318
10.53	-0.00254165
10.535	-0.013227
10.54	-0.0282231
10.545	-0.028246
10.55	0.070054
10.555	0.184281
10.56	0.246514
10.565	0.212034
10.57	0.0738556
10.575	-0.0317072
10.58	-0.0917158
10.585	-0.102698
10.59	-0.0742413
10.595	-0.0208116
10.6	0.0228201
10.605	0.0378617
10.61	-0.00478244
10.615	-0.0542109
10.62	-0.0595254
10.625	-0.0136507
10.63	0.0831904
10.635	0.190925
10.64	0.28537
10.645	0.35329
10.65	0.381506
10.655	0.345476
10.66	0.305659
10.665	0.27428
10.67	0.259022
10.675	0.235951
10.68	0.187969
10.685	0.133834
10.69	0.0899464
10.695	0.0997349
10.7	0.139119
10.705	0.161525
10.71	0.149485
10.715	0.0925938
10.72	0.0543164
10.725	0.0417983
10.73	0.045461
10.735	0.0414642
10.74	0.0109294
10.745	-0.0212399
10.75	-0.0464099
10.755	-0.0557723
10.76	-0.0261189
10.765	0.0385493
10.77	0.119132
10.775	0.194508
10.78	0.194305
10.785	0.154809
10.79	0.113601
10.795	0.0957747
10.8	0.120744
10.805	0.16249
10.81	0.227293
10.815	0.313575
10.82	0.403757
10.825	0.412035
10.83	0.366326
10.835	0.295412
10.84	0.2587
10.845	0.266893
10.85	0.268671
10.855	0.254466
10.86	0.219026
10.865	0.188494
10.87	0.167339
10.875	0.152111
10.88	0.138609
10.885	0.123608
10.89	0.109216
10.895	0.0984186
10.9	0.0948948
10.905	0.116537
10.91	0.165547
10.915	0.222846
10.92	0.273873
10.925	0.286593
10.93	0.286711
10.935	0.298919
10.94	0.32485
10.945	0.34685
10.95	0.31452
10.955	0.249783
10.96	0.171519
10.965	0.110685
10.97	0.100202
10.975	0.116413
10.98	0.153118
10.985	0.204175
10.99	0.269274
10.995	0.322177
11	0.347129
11.005	0.330838
11.01	0.2649
11.015	0.192275
11.02	0.125381
11.025	0.0725275
11.03	0.0436276
11.035	0.0285195
11.04	0.0183754
11.045	0.00903457
11.05	-0.00381963
11.055	-0.0238749
11.06	-0.049436
11.065	-0.0747933
11.07	-0.0868078
11.075	-0.0553218
11.08	-0.00421732
11.085	0.0512094
11.09	0.0912053
11.095	0.113129
11.1	0.140481
11.105	0.169587
11.11	0.194982
11.115	0.185018
11.12	0.154678
11.125	0.113632
11.13	0.0676658
11.135	0.00863466
11.14	-0.0602051
11.145	-0.121466
11.15	-0.165214
11.155	-0.178933
11.16	-0.185385
11.165	-0.185968
11.17	-0.169009
11.175	-0.098386
11.18	0.0489846
11.185	0.189704
11.19	0.282441
11.195	0.272777
11.2	0.178106
11.205	0.0741507
11.21	-0.0255882
11.215	-0.110681
11.22	-0.128754
11.225	-0.0913789
11.23	-0.0333033
11.235	0.0129159
11.24	-0.0105071
11.245	-0.0484137
11.25	-0.0858993
11.255	-0.120178
11.26	-0.183081
11.265	-0.259207
11.27	-0.304774
11.275	-0.302559
11.28	-0.241207
11.285	-0.188607
11.29	-0.168986
11.295	-0.183706
11.3	-0.225563
11.305	-0.251943
11.31	-0.242709
11.315	-0.192834
11.32	-0.098354
11.325	-0.00505934
11.33	0.0284882
11.335	0.00676043
11.34	-0.0607167
11.345	-0.10767
11.35	-0.115573
11.355	-0.100294
11.36	-0.0735194
11.365	-0.0500403
11.37	-0.0299402
11.375	-0.0173209
11.38	-0.0112671
11.385	-0.000106475
11.39	0.0391913
11.395	0.0802602
11.4	0.108836
11.405	0.102968
11.41	0.0763804
11.415	0.0483213
11.42	0.0214778
11.425	-0.00388262
11.43	-0.0285813
11.435	-0.0398741
11.44	-0.0360319
11.445	-0.0166028
11.45	-0.0101395
11.455	-0.0233137
11.46	-0.0445624
11.465	-0.0632175
11.47	-0.0565113
11.475	-0.0264084
11.48	0.0184109
11.485	0.0708933
11.49	0.113807
11.495	0.130999
11.5	0.123242
11.505	0.0922243
11.51	0.0429146
11.515	0.000495552
11.52	-0.0372067
11.525	-0.0735236
11.53	-0.114668
11.535	-0.134596
11.54	-0.125605
11.545	-0.0969438
11.55	-0.06217
11.555	-0.0461762
11.56	-0.0203384
11.565	0.0233256
11.57	0.089738
11.575	0.149735
11.58	0.184602
11.585	0.206509
11.59	0.223303
11.595	0.241136
11.6	0.240806
11.605	0.222632
11.61	0.189349
11.615	0.152082
11.62	0.121276
11.625	0.085542
11.63	0.037698
11.635	-0.0342641
11.64	-0.112618
11.645	-0.176931
11.65	-0.223307
11.655	-0.249444
11.66	-0.244808
11.665	-0.217341
11.67	-0.17462
11.675	-0.125133
11.68	-0.0891578
11.685	-0.0783151
11.69	-0.0947346
11.695	-0.13749
11.7	-0.184067
11.705	-0.203613
11.71	-0.199613
11.715	-0.173974
11.72	-0.128937
11.725	-0.0778299
11.73	-0.0399773
11.735	-0.025101
11.74	-0.0471935
11.745	-0.0815295
11.75	-0.10962
11.755	-0.131522
11.76	-0.152858
11.765	-0.180073
11.77	-0.19127
11.775	-0.175148
11.78	-0.120352
11.785	-0.0196076
11.79	0.0865352
11.795	0.17554
11.8	0.226367
11.805	0.195913
11.81	0.146721
11.815	0.108204
11.82	0.0957137
11.825	0.107058
11.83	0.114
11.835	0.106852
11.84	0.0796076
11.845	0.0217572
11.85	-0.0428578
11.855	-0.0878509
11.86	-0.105795
11.865	-0.0912857
11.87	-0.0561834
11.875	-0.005008
11.88	0.0594352
11.885	0.133494
11.89	0.176498
11.895	0.176586
11.9	0.143094
11.905	0.0877311
11.91	0.0520886
11.915	0.0284391
11.92	0.000828955
11.925	-0.0395885
11.93	-0.0801151
11.935	-0.0861062
11.94	-0.0719852
11.945	-0.0503757
11.95	-0.0537077
11.955	-0.0820335
11.96	-0.11244
11.965	-0.134094
11.97	-0.132328
11.975	-0.110704
11.98	-0.0929997
11.985	-0.0877115
11.99	-0.104186
11.995	-0.129481
12	-0.141743
12.005	-0.135136
12.01	-0.104792
12.015	-0.0404302
12.02	0.0404867
12.025	0.11647
12.03	0.166088
12.035	0.12447
12.04	0.0394438
12.045	-0.0441146
12.05	-0.101789
12.055	-0.119673
12.06	-0.137545
12.065	-0.154652
12.07	-0.165493
12.075	-0.151619
12.08	-0.129643
12.085	-0.122252
12.09	-0.131452
12.095	-0.152889
12.1	-0.162362
12.105	-0.162443
12.11	-0.153319
12.115	-0.13511
12.12	-0.0882498
12.125	-0.0231756
12.13	0.047797
12.135	0.112141
12.14	0.14247
12.145	0.146897
12.15	0.133406
12.155	0.106046
12.16	0.0589218
12.165	-0.0124758
12.17	-0.0775428
12.175	-0.114292
12.18	-0.0773163
12.185	-0.0236328
12.19	-0.00625026
12.195	-0.0345286
12.2	-0.101774
12.205	-0.142505
12.21	-0.152586
12.215	-0.137299
12.22	-0.106353
12.225	-0.0412597
12.23	0.0602143
12.235	0.173905
12.24	0.271598
12.245	0.262017
12.25	0.204312
12.255	0.131781
12.26	0.0675547
12.265	0.00147489
12.27	-0.0849276
12.275	-0.152534
12.28	-0.173986
12.285	-0.0971543
12.29	0.00024117
12.295	0.0579419
12.3	0.0566054
12.305	-0.0115167
12.31	-0.0543266
12.315	-0.0442066
12.32	0.00901687
12.325	0.0769031
12.33	0.106047
12.335	0.11681
12.34	0.117956
12.345	0.118976
12.35	0.120079
12.355	0.118116
12.36	0.113138
12.365	0.105333
12.37	0.0956892
12.375	0.0866632
12.38	0.0780182
12.385	0.0690676
12.39	0.0558713
12.395	0.036899
12.4	0.016453
12.405	-0.00221822
12.41	-0.0120798
12.415	-0.0140775
12.42	-0.0165038
12.425	-0.0211869
12.43	-0.0284224
12.435	-0.0264001
12.44	-0.0126317
12.445	0.0108823
12.45	0.0405642
12.455	0.0609958
12.46	0.0744991
12.465	0.0861448
12.47	0.101204
12.475	0.126115
12.48	0.145807
12.485	0.152784
12.49	0.141686
12.495	0.107986
12.5	0.06613
12.505	0.0192942
12.51	-0.0321311
12.515	-0.0927602
12.52	-0.143616
12.525	-0.161886
12.53	-0.138237
12.535	-0.0622835
12.54	0.0216938
12.545	0.0743018
12.55	0.0871019
12.555	0.0550182
12.56	0.0199274
12.565	0.00342806
12.57	-0.00059186
12.575	-0.00132969
12.58	-0.0179027
12.585	-0.0362675
12.59	-0.0513114
12.595	-0.0590756
12.6	-0.0603184
12.605	-0.0550779
12.61	-0.0367707
12.615	-0.00202299
12.62	0.0491932
12.625	0.0843115
12.63	0.0989687
12.635	0.0948284
12.64	0.0829426
12.645	0.0740769
12.65	0.0635214
12.655	0.048531
12.66	0.0249269
12.665	-0.00917858
12.67	-0.0422215
12.675	-0.0671472
12.68	-0.0756091
12.685	-0.0623437
12.69	-0.0488801
12.695	-0.0397856
12.7	-0.0386022
12.705	-0.039561
12.71	-0.0363502
12.715	-0.0283721
12.72	-0.0140552
12.725	0.016878
12.73	0.0591531
12.735	0.0956731
12.74	0.116773
12.745	0.108933
12.75	0.0868024
12.755	0.0556555
12.76	0.0152551
12.765	-0.0384541
12.77	-0.080481
12.775	-0.0907869
12.78	-0.0704577
12.785	-0.0258329
12.79	0.0124537
12.795	0.0453624
12.8	0.0723005
12.805	0.092398
12.81	0.0831522
12.815	0.0587665
12.82	0.0307609
12.825	0.00802091
12.83	-0.00575183
12.835	-0.0254739
12.84	-0.0492824
12.845	-0.0731061
12.85	-0.0787205
12.855	-0.062389
12.86	-0.0423794
12.865	-0.0271493
12.87	-0.027127
12.875	-0.0235626
12.88	-0.00592115
12.885	0.0237446
12.89	0.0575918
12.895	0.0652174
12.9	0.0526173
12.905	0.0289766
12.91	0.00597847
12.915	0.00296422
12.92	0.00666355
12.925	0.0129853
12.93	0.0186376
12.935	0.0284261
12.94	0.0409211
12.945	0.0478274
12.95	0.0427942
12.955	0.013579
12.96	-0.0203006
12.965	-0.0471019
12.97	-0.0632372
12.975	-0.0712346
12.98	-0.0803857
12.985	-0.084809
12.99	-0.0811461
12.995	-0.0641158
13	-0.0454713
13.005	-0.0329571
13.01	-0.0254056
13.015	-0.0195503
13.02	-0.0154969
13.025	-0.0211635
13.03	-0.0367997
13.035	-0.0617384
13.04	-0.0814638
13.045	-0.0845559
13.05	-0.0745194
13.055	-0.0558733
13.06	-0.0489667
13.065	-0.0595756
13.07	-0.072539
13.075	-0.0776214
13.08	-0.0560047
13.085	-0.0220165
13.09	0.00950071
13.095	0.0332148
13.1	0.0449238
13.105	0.0470329
13.11	0.0446442
13.115	0.0397505
13.12	0.0346799
13.125	0.0292097
13.13	0.0246817
13.135	0.0246519
13.14	0.0332009
13.145	0.0525189
13.15	0.060664
13.155	0.0519845
13.16	0.0231668
13.165	-0.0114811
13.17	-0.0254405
13.175	-0.019118
13.18	0.0048672
13.185	0.0305188
13.19	0.0381681
13.195	0.0329521
13.2	0.0189464
13.205	0.00518103
13.21	-0.00148412
13.215	-0.00404023
13.22	-0.00371228
13.225	-0.00196502
13.23	0.00136916
13.235	0.00526804
13.24	0.00893348
13.245	0.0113488
13.25	0.0113765
13.255	0.0102851
13.26	0.00790394
13.265	0.00403726
13.27	-0.0022039
13.275	-0.00935565
13.28	-0.0161606
13.285	-0.0214812
13.29	-0.0223014
13.295	-0.0202162
13.3	-0.0179143
13.305	-0.0168755
13.31	-0.0189835
13.315	-0.0214152
13.32	-0.0228195
13.325	-0.0229567
13.33	-0.0220763
13.335	-0.0198932
13.34	-0.0170758
13.345	-0.0141856
13.35	-0.0120526
13.355	-0.0122987
13.36	-0.013852
13.365	-0.0156928
13.37	-0.0167168
13.375	-0.0166637
13.38	-0.0170303
13.385	-0.0176845
13.39	-0.0184814
13.395	-0.0189225
13.4	-0.0190619
13.405	-0.0187742
13.41	-0.0180845
13.415	-0.0175094
13.42	-0.0172606
13.425	-0.0169362
13.43	-0.0165738
13.435	-0.0167176
13.44	-0.0169315
13.445	-0.0168573
13.45	-0.016587
13.455	-0.0164495
13.46	-0.0165611
13.465	-0.016468
13.47	-0.0162655
13.475	-0.0161367
13.48	-0.016302
13.485	-0.0162381
13.49	-0.0160993
13.495	-0.0160325
13.5	-0.0160137
13.505	-0.0158598
13.51	-0.0157
13.515	-0.015631
13.52	-0.0158163
13.525	-0.0158899
13.53	-0.015789
13.535	-0.0155412
13.54	-0.015364
13.545	-0.015301
13.55	-0.015385
13.555	-0.0154807
13.56	-0.0152195
13.565	-0.0150411
13.57	-0.0151612
13.575	-0.0153035
13.58	-0.0149758
13.585	-0.0147118
13.59	-0.0147637
13.595	-0.0149301
13.6	-0.0149792
13.605	-0.0147296
13.61	-0.0145457
13.615	-0.0144823
13.62	-0.0145538
13.625	-0.0145114
13.63	-0.0143931
13.635	-0.0142856
13.64	-0.0142292
13.645	-0.0142307
13.65	-0.0142135
13.655	-0.0141325
13.66	-0.0139759
13.665	-0.0137456
13.67	-0.0138005
13.675	-0.0138638
13.68	-0.0138198
13.685	-0.0135268
13.69	-0.0136562
13.695	-0.0137392
13.7	-0.0136308
13.705	-0.0131958
13.71	-0.0131334
13.715	-0.0132581
13.72	-0.0133712
13.725	-0.0133069
13.73	-0.0130858
13.735	-0.012997
13.74	-0.0129493
13.745	-0.0128938
13.75	-0.0128352
13.755	-0.0128541
13.76	-0.0127757
13.765	-0.0125876
13.77	-0.012471
13.775	-0.0124578
13.78	-0.0124457
13.785	-0.0124048
13.79	-0.0123128
13.795	-0.0121966
13.8	-0.0122176
13.805	-0.0122337
13.81	-0.0120063
13.815	-0.0119446
13.82	-0.0119094
13.825	-0.0118162
13.83	-0.0115997
13.835	-0.0116566
13.84	-0.0117235
13.845	-0.0117254
13.85	-0.0116025
13.855	-0.0112496
13.86	-0.0112784
13.865	-0.0113701
13.87	-0.0113599
13.875	-0.0110857
13.88	-0.0110663
13.885	-0.0110649
13.89	-0.0109933
13.895	-0.0107699
13.9	-0.0106848
13.905	-0.010787
13.91	-0.0109267
13.915	-0.0108189
13.92	-0.0103551
13.925	-0.0102414
13.93	-0.010376
13.935	-0.010582
13.94	-0.0102643
13.945	-0.0101537
13.95	-0.0101386
13.955	-0.0101194
13.96	-0.00996364
13.965	-0.00984628
13.97	-0.00985478
13.975	-0.00998531
13.98	-0.0099419
13.985	-0.0094826
13.99	-0.00925906
13.995	-0.00940308
14	-0.00966004
14.005	-0.00939361
14.01	-0.00920406
14.015	-0.0091958
14.02	-0.00935756
14.025	-0.00913728
14.03	-0.00892389
14.035	-0.00881296
14.04	-0.00888742
14.045	-0.00882243
14.05	-0.00880819
14.055	-0.00875108
14.06	-0.00856361
14.065	-0.0082863
14.07	-0.00835494
14.075	-0.00847689
14.08	-0.00846408
14.085	-0.00822693
14.09	-0.00813803
14.095	-0.00807756
14.1	-0.00799773
14.105	-0.00788878
14.11	-0.00784873
14.115	-0.00782928
14.12	-0.0078039
14.125	-0.00773158
14.13	-0.00746299
14.135	-0.00733117
14.14	-0.00735259
14.145	-0.00748419
14.15	-0.00731794
14.155	-0.00731686
14.16	-0.00734602
14.165	-0.00723281
14.17	-0.00690167
14.175	-0.00682246
14.18	-0.00681839
14.185	-0.00676807
14.19	-0.00676631
14.195	-0.00666744
14.2	-0.00655678
14.205	-0.00647863
14.21	-0.00645988
14.215	-0.00621996
14.22	-0.00619319
14.225	-0.00636495
14.23	-0.0062828
14.235	-0.00597181
14.24	-0.00598206
14.245	-0.00614724
14.25	-0.00594588
14.255	-0.00562741
14.26	-0.00557375
14.265	-0.00563745
14.27	-0.00558787
14.275	-0.00552116
14.28	-0.00548229
14.285	-0.00540589
14.29	-0.00524216
14.295	-0.00510702
14.3	-0.00505984
14.305	-0.00506509
14.31	-0.00507862
14.315	-0.00492475
14.32	-0.00477356
14.325	-0.00473634
14.33	-0.00479439
14.335	-0.00471424
14.34	-0.00454906
14.345	-0.00442206
14.35	-0.00434756
14.355	-0.00429736
14.36	-0.00431857
14.365	-0.00425785
14.37	-0.00410869
14.375	-0.00388799
14.38	-0.00392962
14.385	-0.00397591
14.39	-0.00392895
14.395	-0.00370718
14.4	-0.00356067
14.405	-0.00366504
14.41	-0.00372828
14.415	-0.00354538
14.42	-0.00303193
14.425	-0.00319122
14.43	-0.00347901
14.435	-0.00356918
14.44	-0.00298806
14.445	-0.00280337
14.45	-0.00281213
14.455	-0.00290068
14.46	-0.00288836
14.465	-0.00288879
14.47	-0.00279201
14.475	-0.00260579
14.48	-0.00237516
14.485	-0.00232151
14.49	-0.0023822
14.495	-0.00244708
14.5	-0.00238853
14.505	-0.00205465
14.51	-0.00193171
14.515	-0.0019972
14.52	-0.00219286
14.525	-0.00199636
14.53	-0.00180665
14.535	-0.00166373
14.54	-0.00158833
14.545	-0.00158071
14.55	-0.00160816
14.555	-0.00151059
14.56	-0.00132638
14.565	-0.00138729
14.57	-0.00134088
14.575	-0.00115528
14.58	-0.00097083
14.585	-0.00111953
14.59	-0.000946506
14.595	-0.000785046
14.6	-0.000777717
14.605	-0.00108175
14.61	-0.000817166
14.615	-0.000551173
14.62	-0.000414517
14.625	-0.000500671
14.63	-0.000409716
14.635	-0.000303565
14.64	-0.00425167
14.645	-0.00403952
14.65	-0.00382137
14.655	-0.00366079
14.66	-0.00339498
14.665	-0.00301194
14.67	-0.00275089
14.675	-0.00267005
14.68	-0.00236245
14.685	-0.00189521
14.69	-0.00171931
14.695	-0.00168788
14.7	-0.00144218
14.705	-0.00107334
14.71	-0.000820629
14.715	-0.000516414
14.72	-0.000290002
14.725	-0.000120274
14.73	2.80056E-05
14.735	0.00038865
14.74	0.000669234
14.745	0.000896149
14.75	0.00109197
14.755	0.00128064
14.76	0.0015758
14.765	0.00183209
14.77	0.0020125
14.775	0.00230225
14.78	0.00262603
14.785	0.00273759
14.79	0.0027532
14.795	0.00330636
14.8	0.00366657
14.805	0.00372947
14.81	0.00371723
14.815	0.00412705
14.82	0.00427665
14.825	0.00441771
14.83	0.00467109
14.835	0.00516702
14.84	0.00537305
14.845	0.00548978
14.85	0.00562073
14.855	0.00583897
14.86	0.0058369
14.865	0.00605953
14.87	0.00647953
14.875	0.00699083
14.88	0.0069151
14.885	0.0069673
14.89	0.00712696
14.895	0.00733892
14.9	0.00740646
14.905	0.00780125
14.91	0.00811879
14.915	0.00827747
14.92	0.00829042
14.925	0.00852336
14.93	0.00867475
14.935	0.00878055
14.94	0.00895254
14.945	0.00909241
14.95	0.00926582
14.955	0.00949688
14.96	0.00979948
14.965	0.00987922
14.97	0.00994508
14.975	0.00999762
14.98	0.0100564
14.985	0.0103204
14.99	0.0106273
14.995	0.0107215
15	0.0105951
15.005	0.0107809
15.01	0.0111919
15.015	0.0113366
15.02	0.0112195
15.025	0.0112504
15.03	0.0114145
15.035	0.0115417
15.04	0.0116442
15.045	0.0117945
15.05	0.0119223
15.055	0.0120062
15.06	0.0120655
15.065	0.0121255
15.07	0.0123237
15.075	0.0123769
15.08	0.0123934
15.085	0.0124608
15.09	0.0125546
15.095	0.0125535
15.1	0.0126242
15.105	0.0128154
15.11	0.0128769
15.115	0.0128142
15.12	0.0128323
15.125	0.0129577
15.13	0.0130394
15.135	0.0130541
15.14	0.013033
15.145	0.0130203
15.15	0.0131029
15.155	0.0132245
15.16	0.013227
15.165	0.013172
15.17	0.0131715
15.175	0.0132089
15.18	0.0132408
15.185	0.0132656
15.19	0.0132797
15.195	0.0131939
15.2	0.0131559
15.205	0.0132033
15.21	0.0133171
15.215	0.0131308
15.22	0.0130657
15.225	0.0131144
15.23	0.0132209
15.235	0.0131412
15.24	0.013142
15.245	0.0130665
15.25	0.0129257
15.255	0.0128531
15.26	0.0128886
15.265	0.0128662
15.27	0.0127841
15.275	0.012677
15.28	0.0126904
15.285	0.0127323
15.29	0.0126934
15.295	0.0124622
15.3	0.0122802
15.305	0.0122965
15.31	0.012354
15.315	0.0123281
15.32	0.0121276
15.325	0.0120121
15.33	0.0119287
15.335	0.0118481
15.34	0.0117474
15.345	0.0117427
15.35	0.0116596
15.355	0.0114774
15.36	0.0112973
15.365	0.0112905
15.37	0.0112118
15.375	0.0110559
15.38	0.0108993
15.385	0.0108312
15.39	0.0107512
15.395	0.0106487
15.4	0.0105212
15.405	0.0103428
15.41	0.0102132
15.415	0.0101095
15.42	0.0100064
15.425	0.00982901
15.43	0.00971457
15.435	0.00961794
15.44	0.0095038
15.445	0.00929721
15.45	0.00912267
15.455	0.00901702
15.46	0.00895746
15.465	0.00879656
15.47	0.00854503
15.475	0.00836772
15.48	0.00826905
15.485	0.00817297
15.49	0.00803773
15.495	0.00789365
15.5	0.00772867
15.505	0.00751792
15.51	0.0073596
15.515	0.00721237
15.52	0.00706491
15.525	0.00690782
15.53	0.0067561
15.535	0.00658236
15.54	0.00643798
15.545	0.00634016
15.55	0.00610701
15.555	0.00586835
15.56	0.0057227
15.565	0.00567023
15.57	0.00549665
15.575	0.00525984
15.58	0.00507605
15.585	0.00495204
15.59	0.00481682
15.595	0.00459321
15.6	0.0044301
15.605	0.00431007
15.61	0.00415862
15.615	0.00393903
15.62	0.00377135
15.625	0.00362452
15.63	0.00345138
15.635	0.00330282
15.64	0.00312965
15.645	0.00295614
15.65	0.00280159
15.655	0.00266256
15.66	0.00246027
15.665	0.00227716
15.67	0.00214486
15.675	0.00199481
15.68	0.00181956
15.685	0.00167571
15.69	0.00155477
15.695	0.00135847
15.7	0.00117255
15.705	0.00102257
15.71	0.000894023
15.715	0.000744604
15.72	0.000603338
15.725	0.000441032
15.73	0.000277302
15.735	0.00014368
15.74	-2.80513E-06
15.745	-0.000156027
15.75	-0.00030516
15.755	-0.000440718
15.76	-0.000567032
15.765	-0.000691156
15.77	-0.000833682
15.775	-0.000999551
15.78	-0.00112614
15.785	-0.0012638
15.79	-0.00139976
15.795	-0.00152479
15.8	-0.00161851
15.805	-0.00173306
15.81	-0.00185946
15.815	-0.00199537
15.82	-0.00214192
15.825	-0.00224903
15.83	-0.00234472
15.835	-0.00244153
15.84	-0.00255379
15.845	-0.00266554
15.85	-0.0027798
15.855	-0.00288419
15.86	-0.00296604
15.865	-0.00307079
15.87	-0.0031727
15.875	-0.00326358
15.88	-0.00334065
15.885	-0.00343856
15.89	-0.00352995
15.895	-0.00361003
15.9	-0.00367985
15.905	-0.00375635
15.91	-0.00384289
15.915	-0.00391812
15.92	-0.00398005
15.925	-0.00404073
15.93	-0.00410091
15.935	-0.00416292
15.94	-0.00422704
15.945	-0.00429347
15.95	-0.0043403
15.955	-0.00438578
15.96	-0.00443383
15.965	-0.00448724
15.97	-0.00452308
15.975	-0.00456124
15.98	-0.00460312
15.985	-0.0046475
15.99	-0.00465567
15.995	-0.0046785
16	-0.00471428
16.005	-0.00475612
16.01	-0.00476434
16.015	-0.0047723
16.02	-0.00478818
16.025	-0.00480912
16.03	-0.00481613
16.035	-0.00481364
16.04	-0.00481632
16.045	-0.00482301
16.05	-0.00482554
16.055	-0.00481761
16.06	-0.00480909
16.065	-0.00479997
16.07	-0.00478876
16.075	-0.00476917
16.08	-0.00474999
16.085	-0.00473165
16.09	-0.00471379
16.095	-0.00468493
16.1	-0.00465362
16.105	-0.00462215
16.11	-0.0045912
16.115	-0.00455784
16.12	-0.00451965
16.125	-0.00447818
16.13	-0.00443443
16.135	-0.00438987
16.14	-0.0043423
16.145	-0.00429377
16.15	-0.0042435
16.155	-0.0041889
16.16	-0.00413101
16.165	-0.00407328
16.17	-0.00401422
16.175	-0.00395159
16.18	-0.00388771
16.185	-0.00382256
16.19	-0.00375502
16.195	-0.0036845
16.2	-0.00361315
16.205	-0.00354036
16.21	-0.0034657
16.215	-0.00338917
16.22	-0.00331129
16.225	-0.00323205
16.23	-0.00315135
16.235	-0.00306918
16.24	-0.0029856
16.245	-0.00290086
16.25	-0.00281494
16.255	-0.00272787
16.26	-0.00263971


