x	Disp
0	0
0.005	0.000000002944165
0.01	0.00000002355085
0.015	0.00000007946997
0.02	0.0000001883351
0.025	0.0000003677618
0.03	0.0000006353462
0.035	0.000001008664
0.04	0.000001505266
0.045	0.000002142683
0.05	0.000002938415
0.055	0.00000390994
0.06	0.000005074703
0.065	0.000006450122
0.07	0.000008053579
0.075	0.000009902428
0.08	0.00001201398
0.085	0.00001440553
0.09	0.0000170943
0.095	0.0000200975
0.1	0.00002343229
0.105	0.0000271158
0.11	0.00003116509
0.115	0.00003559719
0.12	0.0000404291
0.125	0.00004567773
0.13	0.00005135998
0.135	0.00005749268
0.14	0.0000640926
0.145	0.00007117647
0.15	0.00007876096
0.155	0.00008686268
0.16	0.00009549818
0.165	0.000104684
0.17	0.000114436
0.175	0.000124772
0.18	0.000135707
0.185	0.000147258
0.19	0.00015944
0.195	0.00017227
0.2	0.000185764
0.205	0.000199938
0.21	0.000214808
0.215	0.000230389
0.22	0.000246698
0.225	0.000263749
0.23	0.000281559
0.235	0.000300143
0.24	0.000319517
0.245	0.000339695
0.25	0.000360693
0.255	0.000382527
0.26	0.00040521
0.265	0.000428759
0.27	0.000453188
0.275	0.000478512
0.28	0.000504746
0.285	0.000531904
0.29	0.000560001
0.295	0.000589051
0.3	0.000619068
0.305	0.000650067
0.31	0.000682063
0.315	0.000715068
0.32	0.000749097
0.325	0.000784164
0.33	0.000820282
0.335	0.000857466
0.34	0.000895728
0.345	0.000935081
0.35	0.000975541
0.355	0.001017118
0.36	0.001059827
0.365	0.001103681
0.37	0.001148692
0.375	0.001194873
0.38	0.001242236
0.385	0.001290795
0.39	0.001340561
0.395	0.001391547
0.4	0.001443765
0.405	0.001497227
0.41	0.001551944
0.415	0.001607929
0.42	0.001665194
0.425	0.001723749
0.43	0.001783606
0.435	0.001844776
0.44	0.001907271
0.445	0.001971101
0.45	0.002036278
0.455	0.002102812
0.46	0.002170713
0.465	0.002239992
0.47	0.00231066
0.475	0.002382727
0.48	0.002456202
0.485	0.002531096
0.49	0.002607418
0.495	0.002685178
0.5	0.002764386
0.505	0.00284505
0.51	0.002927181
0.515	0.003010787
0.52	0.003095876
0.525	0.003182459
0.53	0.003270543
0.535	0.003360137
0.54	0.003451249
0.545	0.003543887
0.55	0.00363806
0.555	0.003733775
0.56	0.00383104
0.565	0.003929863
0.57	0.00403025
0.575	0.004132209
0.58	0.004235748
0.585	0.004340872
0.59	0.00444759
0.595	0.004555906
0.6	0.004665828
0.605	0.004777362
0.61	0.004890514
0.615	0.00500529
0.62	0.005121695
0.625	0.005239735
0.63	0.005359415
0.635	0.00548074
0.64	0.005603715
0.645	0.005728345
0.65	0.005854635
0.655	0.005982588
0.66	0.006112209
0.665	0.006243501
0.67	0.006376469
0.675	0.006511115
0.68	0.006647442
0.685	0.006785455
0.69	0.006925154
0.695	0.007066544
0.7	0.007209625
0.705	0.007354401
0.71	0.007500871
0.715	0.007649039
0.72	0.007798904
0.725	0.007950468
0.73	0.008103731
0.735	0.008258693
0.74	0.008415354
0.745	0.008573713
0.75	0.00873377
0.755	0.008895523
0.76	0.009058971
0.765	0.009224112
0.77	0.009390943
0.775	0.009559462
0.78	0.009729665
0.785	0.009901549
0.79	0.01007511
0.795	0.01025034
0.8	0.01042724
0.805	0.0106058
0.81	0.01078602
0.815	0.01096789
0.82	0.0111514
0.825	0.01133654
0.83	0.01152332
0.835	0.01171171
0.84	0.01190171
0.845	0.0120933
0.85	0.01228649
0.855	0.01248126
0.86	0.01267759
0.865	0.01287548
0.87	0.01307491
0.875	0.01327587
0.88	0.01347835
0.885	0.01368232
0.89	0.01388778
0.895	0.01409471
0.9	0.01430309
0.905	0.0145129
0.91	0.01472413
0.915	0.01493675
0.92	0.01515075
0.925	0.01536611
0.93	0.0155828
0.935	0.01580081
0.94	0.01602011
0.945	0.01624068
0.95	0.01646249
0.955	0.01668552
0.96	0.01690975
0.965	0.01713514
0.97	0.01736167
0.975	0.01758932
0.98	0.01781805
0.985	0.01804784
0.99	0.01827865
0.995	0.01851046
1	0.01874323
1.005	0.01897694
1.01	0.01921155
1.015	0.01944703
1.02	0.01968334
1.025	0.01992045
1.03	0.02015833
1.035	0.02039694
1.04	0.02063625
1.045	0.02087621
1.05	0.0211168
1.055	0.02135798
1.06	0.0215997
1.065	0.02184193
1.07	0.02208463
1.075	0.02232777
1.08	0.02257129
1.085	0.02281518
1.09	0.02305938
1.095	0.02330385
1.1	0.02354856
1.105	0.02379346
1.11	0.02403852
1.115	0.02428369
1.12	0.02452893
1.125	0.0247742
1.13	0.02501946
1.135	0.02526468
1.14	0.0255098
1.145	0.02575478
1.15	0.02599959
1.155	0.02624419
1.16	0.02648853
1.165	0.02673257
1.17	0.02697627
1.175	0.02721959
1.18	0.02746249
1.185	0.02770493
1.19	0.02794687
1.195	0.02818826
1.2	0.02842908
1.205	0.02866926
1.21	0.02890879
1.215	0.02914761
1.22	0.0293857
1.225	0.029623
1.23	0.02985948
1.235	0.0300951
1.24	0.03032982
1.245	0.03056361
1.25	0.03079642
1.255	0.03102822
1.26	0.03125897
1.265	0.03148863
1.27	0.03171717
1.275	0.03194454
1.28	0.03217072
1.285	0.03239566
1.29	0.03261934
1.295	0.0328417
1.3	0.03306272
1.305	0.03328236
1.31	0.03350059
1.315	0.03371736
1.32	0.03393265
1.325	0.03414643
1.33	0.03435864
1.335	0.03456927
1.34	0.03477827
1.345	0.03498562
1.35	0.03519127
1.355	0.0353952
1.36	0.03559737
1.365	0.03579774
1.37	0.03599629
1.375	0.03619298
1.38	0.03638777
1.385	0.03658064
1.39	0.03677155
1.395	0.03696047
1.4	0.03714736
1.405	0.0373322
1.41	0.03751495
1.415	0.03769558
1.42	0.03787405
1.425	0.03805034
1.43	0.03822441
1.435	0.03839624
1.44	0.03856578
1.445	0.03873301
1.45	0.03889791
1.455	0.03906043
1.46	0.03922054
1.465	0.03937822
1.47	0.03953344
1.475	0.03968616
1.48	0.03983636
1.485	0.039984
1.49	0.04012906
1.495	0.04027151
1.5	0.04041131
1.505	0.04054844
1.51	0.04068288
1.515	0.04081458
1.52	0.04094353
1.525	0.04106969
1.53	0.04119304
1.535	0.04131355
1.54	0.0414312
1.545	0.04154595
1.55	0.04165778
1.555	0.04176667
1.56	0.04187258
1.565	0.0419755
1.57	0.04207539
1.575	0.04217224
1.58	0.04226601
1.585	0.04235668
1.59	0.04244423
1.595	0.04252864
1.6	0.04260988
1.605	0.04268792
1.61	0.04276276
1.615	0.04283435
1.62	0.04290268
1.625	0.04296774
1.63	0.04302949
1.635	0.04308791
1.64	0.04314299
1.645	0.04319471
1.65	0.04324303
1.655	0.04328796
1.66	0.04332945
1.665	0.04336751
1.67	0.04340209
1.675	0.0434332
1.68	0.04346081
1.685	0.04348489
1.69	0.04350544
1.695	0.04352244
1.7	0.04353587
1.705	0.0435457
1.71	0.04355194
1.715	0.04355456
1.72	0.04355354
1.725	0.04354887
1.73	0.04354053
1.735	0.04352851
1.74	0.0435128
1.745	0.04349338
1.75	0.04347024
1.755	0.04344336
1.76	0.04341273
1.765	0.04337834
1.77	0.04334017
1.775	0.04329822
1.78	0.04325247
1.785	0.04320291
1.79	0.04314953
1.795	0.04309232
1.8	0.04303126
1.805	0.04296635
1.81	0.04289759
1.815	0.04282495
1.82	0.04274842
1.825	0.04266801
1.83	0.04258371
1.835	0.04249549
1.84	0.04240337
1.845	0.04230732
1.85	0.04220735
1.855	0.04210344
1.86	0.0419956
1.865	0.0418838
1.87	0.04176806
1.875	0.04164836
1.88	0.0415247
1.885	0.04139707
1.89	0.04126548
1.895	0.04112991
1.9	0.04099037
1.905	0.04084684
1.91	0.04069934
1.915	0.04054785
1.92	0.04039238
1.925	0.04023292
1.93	0.04006947
1.935	0.03990203
1.94	0.03973061
1.945	0.03955519
1.95	0.03937579
1.955	0.03919241
1.96	0.03900503
1.965	0.03881367
1.97	0.03861833
1.975	0.03841901
1.98	0.03821572
1.985	0.03800845
1.99	0.0377972
1.995	0.037582
2	0.03736283
2.005	0.0371397
2.01	0.03691261
2.015	0.03668158
2.02	0.03644661
2.025	0.0362077
2.03	0.03596487
2.035	0.0357181
2.04	0.03546743
2.045	0.03521284
2.05	0.03495435
2.055	0.03469197
2.06	0.03442571
2.065	0.03415556
2.07	0.03388156
2.075	0.03360369
2.08	0.03332198
2.085	0.03303643
2.09	0.03274706
2.095	0.03245387
2.1	0.03215687
2.105	0.03185609
2.11	0.03155152
2.115	0.03124319
2.12	0.03093109
2.125	0.03061526
2.13	0.0302957
2.135	0.02997242
2.14	0.02964544
2.145	0.02931477
2.15	0.02898043
2.155	0.02864243
2.16	0.02830079
2.165	0.02795553
2.17	0.02760665
2.175	0.02725418
2.18	0.02689814
2.185	0.02653853
2.19	0.02617538
2.195	0.02580871
2.2	0.02543852
2.205	0.02506485
2.21	0.02468772
2.215	0.02430713
2.22	0.02392311
2.225	0.02353567
2.23	0.02314485
2.235	0.02275066
2.24	0.02235311
2.245	0.02195224
2.25	0.02154806
2.255	0.02114059
2.26	0.02072986
2.265	0.02031589
2.27	0.0198987
2.275	0.01947831
2.28	0.01905475
2.285	0.01862804
2.29	0.01819821
2.295	0.01776527
2.3	0.01732926
2.305	0.01689019
2.31	0.0164481
2.315	0.01600301
2.32	0.01555495
2.325	0.01510393
2.33	0.01464999
2.335	0.01419316
2.34	0.01373345
2.345	0.0132709
2.35	0.01280554
2.355	0.0123374
2.36	0.01186649
2.365	0.01139285
2.37	0.01091652
2.375	0.01043751
2.38	0.009955857
2.385	0.009471592
2.39	0.008984745
2.395	0.008495344
2.4	0.008003422
2.405	0.007509008
2.41	0.007012134
2.415	0.006512832
2.42	0.006011133
2.425	0.005507068
2.43	0.005000672
2.435	0.004491976
2.44	0.003981013
2.445	0.003467817
2.45	0.002952421
2.455	0.002434859
2.46	0.001915165
2.465	0.001393375
2.47	0.000869522
2.475	0.000343642
2.48	-0.00018423
2.485	-0.000714058
2.49	-0.001245806
2.495	-0.001779437
2.5	-0.002314914
2.505	-0.002852202
2.51	-0.003391261
2.515	-0.003932056
2.52	-0.004474547
2.525	-0.005018696
2.53	-0.005564464
2.535	-0.006111814
2.54	-0.006660704
2.545	-0.007211096
2.55	-0.00776295
2.555	-0.008316226
2.56	-0.008870881
2.565	-0.009426877
2.57	-0.009984171
2.575	-0.01054272
2.58	-0.01110249
2.585	-0.01166342
2.59	-0.01222549
2.595	-0.01278864
2.6	-0.01335284
2.605	-0.01391804
2.61	-0.01448419
2.615	-0.01505125
2.62	-0.01561918
2.625	-0.01618793
2.63	-0.01675745
2.635	-0.01732771
2.64	-0.01789864
2.645	-0.01847022
2.65	-0.01904238
2.655	-0.01961509
2.66	-0.02018829
2.665	-0.02076193
2.67	-0.02133598
2.675	-0.02191037
2.68	-0.02248506
2.685	-0.02306001
2.69	-0.02363516
2.695	-0.02421045
2.7	-0.02478585
2.705	-0.0253613
2.71	-0.02593674
2.715	-0.02651213
2.72	-0.02708742
2.725	-0.02766254
2.73	-0.02823746
2.735	-0.02881211
2.74	-0.02938645
2.745	-0.02996041
2.75	-0.03053395
2.755	-0.03110702
2.76	-0.03167954
2.765	-0.03225148
2.77	-0.03282278
2.775	-0.03339337
2.78	-0.03396322
2.785	-0.03453224
2.79	-0.0351004
2.795	-0.03566764
2.8	-0.03623389
2.805	-0.03679911
2.81	-0.03736322
2.815	-0.03792619
2.82	-0.03848794
2.825	-0.03904842
2.83	-0.03960756
2.835	-0.04016532
2.84	-0.04072164
2.845	-0.04127644
2.85	-0.04182968
2.855	-0.0423813
2.86	-0.04293123
2.865	-0.04347941
2.87	-0.04402579
2.875	-0.04457031
2.88	-0.0451129
2.885	-0.0456535
2.89	-0.04619206
2.895	-0.04672851
2.9	-0.0472628
2.905	-0.04779486
2.91	-0.04832463
2.915	-0.04885205
2.92	-0.04937706
2.925	-0.0498996
2.93	-0.05041961
2.935	-0.05093703
2.94	-0.05145179
2.945	-0.05196385
2.95	-0.05247313
2.955	-0.05297958
2.96	-0.05348313
2.965	-0.05398373
2.97	-0.05448132
2.975	-0.05497583
2.98	-0.05546721
2.985	-0.0559554
2.99	-0.05644034
2.995	-0.05692197
3	-0.05740022
3.005	-0.05787505
3.01	-0.05834639
3.015	-0.05881419
3.02	-0.05927838
3.025	-0.05973891
3.03	-0.06019573
3.035	-0.06064877
3.04	-0.06109798
3.045	-0.0615433
3.05	-0.06198468
3.055	-0.06242206
3.06	-0.06285538
3.065	-0.0632846
3.07	-0.06370966
3.075	-0.06413049
3.08	-0.06454706
3.085	-0.0649593
3.09	-0.06536716
3.095	-0.0657706
3.1	-0.06616955
3.105	-0.06656398
3.11	-0.06695382
3.115	-0.06733902
3.12	-0.06771955
3.125	-0.06809533
3.13	-0.06846634
3.135	-0.06883252
3.14	-0.06919382
3.145	-0.06955019
3.15	-0.06990159
3.155	-0.07024797
3.16	-0.07058929
3.165	-0.0709255
3.17	-0.07125655
3.175	-0.0715824
3.18	-0.07190301
3.185	-0.07221833
3.19	-0.07252833
3.195	-0.07283295
3.2	-0.07313216
3.205	-0.07342592
3.21	-0.07371419
3.215	-0.07399692
3.22	-0.07427408
3.225	-0.07454562
3.23	-0.07481152
3.235	-0.07507173
3.24	-0.07532622
3.245	-0.07557495
3.25	-0.07581787
3.255	-0.07605497
3.26	-0.0762862
3.265	-0.07651153
3.27	-0.07673093
3.275	-0.07694436
3.28	-0.07715178
3.285	-0.07735318
3.29	-0.07754851
3.295	-0.07773774
3.3	-0.07792085
3.305	-0.07809781
3.31	-0.07826858
3.315	-0.07843314
3.32	-0.07859146
3.325	-0.07874351
3.33	-0.07888927
3.335	-0.0790287
3.34	-0.07916179
3.345	-0.0792885
3.35	-0.07940881
3.355	-0.07952271
3.36	-0.07963015
3.365	-0.07973113
3.37	-0.07982562
3.375	-0.0799136
3.38	-0.07999504
3.385	-0.08006992
3.39	-0.08013823
3.395	-0.08019994
3.4	-0.08025504
3.405	-0.08030351
3.41	-0.08034533
3.415	-0.08038047
3.42	-0.08040893
3.425	-0.08043069
3.43	-0.08044574
3.435	-0.08045405
3.44	-0.08045561
3.445	-0.08045042
3.45	-0.08043844
3.455	-0.08041969
3.46	-0.08039413
3.465	-0.08036176
3.47	-0.08032257
3.475	-0.08027655
3.48	-0.08022369
3.485	-0.08016397
3.49	-0.0800974
3.495	-0.08002395
3.5	-0.07994364
3.505	-0.07985644
3.51	-0.07976235
3.515	-0.07966137
3.52	-0.0795535
3.525	-0.07943872
3.53	-0.07931703
3.535	-0.07918844
3.54	-0.07905293
3.545	-0.07891051
3.55	-0.07876118
3.555	-0.07860493
3.56	-0.07844176
3.565	-0.07827169
3.57	-0.0780947
3.575	-0.0779108
3.58	-0.07771999
3.585	-0.07752227
3.59	-0.07731766
3.595	-0.07710615
3.6	-0.07688775
3.605	-0.07666246
3.61	-0.0764303
3.615	-0.07619126
3.62	-0.07594536
3.625	-0.0756926
3.63	-0.075433
3.635	-0.07516656
3.64	-0.07489329
3.645	-0.07461321
3.65	-0.07432632
3.655	-0.07403264
3.66	-0.07373219
3.665	-0.07342496
3.67	-0.07311099
3.675	-0.07279027
3.68	-0.07246284
3.685	-0.07212869
3.69	-0.07178786
3.695	-0.07144036
3.7	-0.0710862
3.705	-0.0707254
3.71	-0.07035798
3.715	-0.06998397
3.72	-0.06960338
3.725	-0.06921623
3.73	-0.06882254
3.735	-0.06842234
3.74	-0.06801564
3.745	-0.06760248
3.75	-0.06718287
3.755	-0.06675684
3.76	-0.06632441
3.765	-0.06588562
3.77	-0.06544047
3.775	-0.06498901
3.78	-0.06453125
3.785	-0.06406724
3.79	-0.06359698
3.795	-0.06312052
3.8	-0.06263788
3.805	-0.06214909
3.81	-0.06165418
3.815	-0.06115319
3.82	-0.06064614
3.825	-0.06013307
3.83	-0.05961401
3.835	-0.05908899
3.84	-0.05855805
3.845	-0.05802121
3.85	-0.05747853
3.855	-0.05693002
3.86	-0.05637573
3.865	-0.05581569
3.87	-0.05524994
3.875	-0.05467851
3.88	-0.05410145
3.885	-0.0535188
3.89	-0.05293058
3.895	-0.05233685
3.9	-0.05173764
3.905	-0.05113299
3.91	-0.05052294
3.915	-0.04990753
3.92	-0.04928681
3.925	-0.04866082
3.93	-0.0480296
3.935	-0.04739319
3.94	-0.04675164
3.945	-0.04610499
3.95	-0.04545329
3.955	-0.04479658
3.96	-0.04413491
3.965	-0.04346833
3.97	-0.04279687
3.975	-0.04212059
3.98	-0.04143954
3.985	-0.04075376
3.99	-0.0400633
3.995	-0.03936822
4	-0.03866855
4.005	-0.03796436
4.01	-0.03725568
4.015	-0.03654257
4.02	-0.03582509
4.025	-0.03510328
4.03	-0.0343772
4.035	-0.03364689
4.04	-0.03291241
4.045	-0.03217382
4.05	-0.03143116
4.055	-0.0306845
4.06	-0.02993388
4.065	-0.02917936
4.07	-0.02842099
4.075	-0.02765884
4.08	-0.02689295
4.085	-0.02612339
4.09	-0.0253502
4.095	-0.02457346
4.1	-0.0237932
4.105	-0.0230095
4.11	-0.02222241
4.115	-0.02143198
4.12	-0.02063829
4.125	-0.01984137
4.13	-0.01904131
4.135	-0.01823815
4.14	-0.01743196
4.145	-0.01662279
4.15	-0.01581071
4.155	-0.01499577
4.16	-0.01417805
4.165	-0.0133576
4.17	-0.01253448
4.175	-0.01170876
4.18	-0.0108805
4.185	-0.01004975
4.19	-0.009216597
4.195	-0.008381089
4.2	-0.007543293
4.205	-0.006703274
4.21	-0.005861096
4.215	-0.005016824
4.22	-0.004170523
4.225	-0.003322259
4.23	-0.002472096
4.235	-0.001620101
4.24	-0.00076634
4.245	8.912E-05
4.25	0.000946214
4.255	0.001804873
4.26	0.002665031
4.265	0.003526621
4.27	0.004389574
4.275	0.005253824
4.28	0.006119301
4.285	0.006985937
4.29	0.007853663
4.295	0.008722412
4.3	0.009592112
4.305	0.0104627
4.31	0.01133409
4.315	0.01220624
4.32	0.01307905
4.325	0.01395247
4.33	0.01482642
4.335	0.01570083
4.34	0.01657564
4.345	0.01745077
4.35	0.01832614
4.355	0.01920169
4.36	0.02007735
4.365	0.02095304
4.37	0.0218287
4.375	0.02270424
4.38	0.0235796
4.385	0.02445471
4.39	0.02532949
4.395	0.02620387
4.4	0.02707777
4.405	0.02795113
4.41	0.02882386
4.415	0.0296959
4.42	0.03056717
4.425	0.0314376
4.43	0.03230712
4.435	0.03317564
4.44	0.0340431
4.445	0.03490941
4.45	0.03577452
4.455	0.03663834
4.46	0.03750079
4.465	0.0383618
4.47	0.0392213
4.475	0.04007921
4.48	0.04093546
4.485	0.04178997
4.49	0.04264266
4.495	0.04349346
4.5	0.0443423
4.505	0.0451891
4.51	0.04603377
4.515	0.04687625
4.52	0.04771647
4.525	0.04855434
4.53	0.04938978
4.535	0.05022273
4.54	0.0510531
4.545	0.05188083
4.55	0.05270583
4.555	0.05352802
4.56	0.05434734
4.565	0.0551637
4.57	0.05597704
4.575	0.05678726
4.58	0.0575943
4.585	0.05839808
4.59	0.05919853
4.595	0.05999556
4.6	0.06078911
4.605	0.06157909
4.61	0.06236543
4.615	0.06314806
4.62	0.0639269
4.625	0.06470187
4.63	0.06547289
4.635	0.0662399
4.64	0.06700281
4.645	0.06776156
4.65	0.06851606
4.655	0.06926625
4.66	0.07001204
4.665	0.07075336
4.67	0.07149014
4.675	0.0722223
4.68	0.07294977
4.685	0.07367248
4.69	0.07439035
4.695	0.0751033
4.7	0.07581127
4.705	0.07651418
4.71	0.07721196
4.715	0.07790454
4.72	0.07859185
4.725	0.0792738
4.73	0.07995034
4.735	0.08062138
4.74	0.08128687
4.745	0.08194672
4.75	0.08260087
4.755	0.08324925
4.76	0.08389178
4.765	0.08452841
4.77	0.08515906
4.775	0.08578365
4.78	0.08640214
4.785	0.08701444
4.79	0.08762048
4.795	0.08822022
4.8	0.08881356
4.805	0.08940046
4.81	0.08998085
4.815	0.09055466
4.82	0.09112182
4.825	0.09168227
4.83	0.09223596
4.835	0.09278281
4.84	0.09332277
4.845	0.09385577
4.85	0.09438176
4.855	0.09490066
4.86	0.09541243
4.865	0.095917
4.87	0.09641432
4.875	0.09690432
4.88	0.09738695
4.885	0.09786216
4.89	0.09832988
4.895	0.09879006
4.9	0.09924265
4.905	0.09968759
4.91	0.1001248
4.915	0.1005543
4.92	0.100976
4.925	0.1013898
4.93	0.1017957
4.935	0.1021937
4.94	0.1025836
4.945	0.1029655
4.95	0.1033393
4.955	0.1037049
4.96	0.1040624
4.965	0.1044116
4.97	0.1047525
4.975	0.1050851
4.98	0.1054093
4.985	0.1057251
4.99	0.1060325
4.995	0.1063313
5	0.1066216
5.005	0.1069033
5.01	0.1071765
5.015	0.1074409
5.02	0.1076967
5.025	0.1079438
5.03	0.1081821
5.035	0.1084116
5.04	0.1086322
5.045	0.1088441
5.05	0.109047
5.055	0.109241
5.06	0.109426
5.065	0.1096021
5.07	0.1097692
5.075	0.1099272
5.08	0.1100762
5.085	0.1102161
5.09	0.1103468
5.095	0.1104685
5.1	0.1105809
5.105	0.1106842
5.11	0.1107783
5.115	0.1108632
5.12	0.1109388
5.125	0.1110052
5.13	0.1110622
5.135	0.11111
5.14	0.1111485
5.145	0.1111776
5.15	0.1111974
5.155	0.1112079
5.16	0.1112089
5.165	0.1112006
5.17	0.1111829
5.175	0.1111558
5.18	0.1111193
5.185	0.1110733
5.19	0.1110179
5.195	0.1109531
5.2	0.1108789
5.205	0.1107952
5.21	0.110702
5.215	0.1105994
5.22	0.1104873
5.225	0.1103658
5.23	0.1102348
5.235	0.1100944
5.24	0.1099445
5.245	0.1097851
5.25	0.1096163
5.255	0.109438
5.26	0.1092503
5.265	0.1090531
5.27	0.1088465
5.275	0.1086305
5.28	0.1084051
5.285	0.1081702
5.29	0.1079259
5.295	0.1076723
5.3	0.1074092
5.305	0.1071368
5.31	0.106855
5.315	0.1065639
5.32	0.1062634
5.325	0.1059536
5.33	0.1056345
5.335	0.1053061
5.34	0.1049685
5.345	0.1046216
5.35	0.1042655
5.355	0.1039001
5.36	0.1035256
5.365	0.1031419
5.37	0.1027491
5.375	0.1023471
5.38	0.101936
5.385	0.1015159
5.39	0.1010867
5.395	0.1006485
5.4	0.1002012
5.405	0.09974504
5.41	0.09927991
5.415	0.09880587
5.42	0.09832295
5.425	0.09783118
5.43	0.09733059
5.435	0.09682122
5.44	0.09630309
5.445	0.09577625
5.45	0.09524072
5.455	0.09469655
5.46	0.09414376
5.465	0.09358241
5.47	0.09301252
5.475	0.09243413
5.48	0.09184729
5.485	0.09125203
5.49	0.09064839
5.495	0.09003643
5.5	0.08941617
5.505	0.08878767
5.51	0.08815096
5.515	0.0875061
5.52	0.08685312
5.525	0.08619208
5.53	0.08552302
5.535	0.08484599
5.54	0.08416104
5.545	0.08346821
5.55	0.08276756
5.555	0.08205914
5.56	0.081343
5.565	0.08061919
5.57	0.07988777
5.575	0.07914878
5.58	0.07840229
5.585	0.07764834
5.59	0.076887
5.595	0.07611831
5.6	0.07534234
5.605	0.07455914
5.61	0.07376878
5.615	0.0729713
5.62	0.07216678
5.625	0.07135526
5.63	0.07053682
5.635	0.06971151
5.64	0.06887939
5.645	0.06804054
5.65	0.067195
5.655	0.06634285
5.66	0.06548414
5.665	0.06461896
5.67	0.06374735
5.675	0.06286939
5.68	0.06198514
5.685	0.06109468
5.69	0.06019806
5.695	0.05929536
5.7	0.05838665
5.705	0.05747199
5.71	0.05655147
5.715	0.05562514
5.72	0.05469308
5.725	0.05375536
5.73	0.05281205
5.735	0.05186323
5.74	0.05090898
5.745	0.04994935
5.75	0.04898444
5.755	0.04801431
5.76	0.04703904
5.765	0.0460587
5.77	0.04507337
5.775	0.04408314
5.78	0.04308806
5.785	0.04208824
5.79	0.04108373
5.795	0.04007462
5.8	0.039061
5.805	0.03804293
5.81	0.0370205
5.815	0.03599379
5.82	0.03496289
5.825	0.03392786
5.83	0.0328888
5.835	0.03184578
5.84	0.03079889
5.845	0.02974821
5.85	0.02869382
5.855	0.02763581
5.86	0.02657426
5.865	0.02550926
5.87	0.02444089
5.875	0.02336923
5.88	0.02229437
5.885	0.0212164
5.89	0.0201354
5.895	0.01905146
5.9	0.01796466
5.905	0.01687509
5.91	0.01578284
5.915	0.014688
5.92	0.01359066
5.925	0.01249089
5.93	0.0113888
5.935	0.01028446
5.94	0.009177974
5.945	0.008069424
5.95	0.006958901
5.955	0.005846494
5.96	0.004732292
5.965	0.003616388
5.97	0.002498869
5.975	0.001379828
5.98	0.000259355
5.985	-0.000862459
5.99	-0.001985523
5.995	-0.003109745
6	-0.004235034
6.005	-0.005361298
6.01	-0.006488446
6.015	-0.007616384
6.02	-0.008745021
6.025	-0.009874265
6.03	-0.01100402
6.035	-0.0121342
6.04	-0.01326471
6.045	-0.01439545
6.05	-0.01552633
6.055	-0.01665726
6.06	-0.01778815
6.065	-0.0189189
6.07	-0.02004942
6.075	-0.02117961
6.08	-0.02230938
6.085	-0.02343864
6.09	-0.02456729
6.095	-0.02569524
6.1	-0.0268224
6.105	-0.02794867
6.11	-0.02907395
6.115	-0.03019816
6.12	-0.03132119
6.125	-0.03244296
6.13	-0.03356337
6.135	-0.03468232
6.14	-0.03579973
6.145	-0.03691549
6.15	-0.03802951
6.155	-0.0391417
6.16	-0.04025197
6.165	-0.04136021
6.17	-0.04246634
6.175	-0.04357026
6.18	-0.04467187
6.185	-0.04577109
6.19	-0.04686782
6.195	-0.04796196
6.2	-0.04905342
6.205	-0.05014211
6.21	-0.05122793
6.215	-0.05231079
6.22	-0.05339059
6.225	-0.05446725
6.23	-0.05554066
6.235	-0.05661074
6.24	-0.05767739
6.245	-0.05874052
6.25	-0.05980003
6.255	-0.06085584
6.26	-0.06190784
6.265	-0.06295595
6.27	-0.06400008
6.275	-0.06504013
6.28	-0.06607601
6.285	-0.06710763
6.29	-0.06813489
6.295	-0.06915772
6.3	-0.070176
6.305	-0.07118966
6.31	-0.0721986
6.315	-0.07320273
6.32	-0.07420196
6.325	-0.07519621
6.33	-0.07618537
6.335	-0.07716937
6.34	-0.07814811
6.345	-0.0791215
6.35	-0.08008945
6.355	-0.08105188
6.36	-0.0820087
6.365	-0.08295981
6.37	-0.08390514
6.375	-0.08484459
6.38	-0.08577808
6.385	-0.08670551
6.39	-0.08762682
6.395	-0.08854189
6.4	-0.08945066
6.405	-0.09035304
6.41	-0.09124894
6.415	-0.09213828
6.42	-0.09302097
6.425	-0.09389693
6.43	-0.09476607
6.435	-0.09562832
6.44	-0.09648359
6.445	-0.0973318
6.45	-0.09817286
6.455	-0.0990067
6.46	-0.09983323
6.465	-0.1006524
6.47	-0.1014641
6.475	-0.1022682
6.48	-0.1030647
6.485	-0.1038535
6.49	-0.1046346
6.495	-0.1054078
6.5	-0.106173
6.505	-0.1069303
6.51	-0.1076794
6.515	-0.1084204
6.52	-0.1091532
6.525	-0.1098776
6.53	-0.1105937
6.535	-0.1113013
6.54	-0.1120004
6.545	-0.1126909
6.55	-0.1133728
6.555	-0.1140459
6.56	-0.1147101
6.565	-0.1153656
6.57	-0.116012
6.575	-0.1166495
6.58	-0.1172779
6.585	-0.1178971
6.59	-0.1185071
6.595	-0.1191079
6.6	-0.1196993
6.605	-0.1202813
6.61	-0.1208539
6.615	-0.1214169
6.62	-0.1219703
6.625	-0.1225141
6.63	-0.1230482
6.635	-0.1235726
6.64	-0.1240871
6.645	-0.1245917
6.65	-0.1250864
6.655	-0.1255711
6.66	-0.1260457
6.665	-0.1265103
6.67	-0.1269647
6.675	-0.1274089
6.68	-0.1278429
6.685	-0.1282665
6.69	-0.1286798
6.695	-0.1290827
6.7	-0.1294752
6.705	-0.1298571
6.71	-0.1302285
6.715	-0.1305893
6.72	-0.1309395
6.725	-0.131279
6.73	-0.1316078
6.735	-0.1319259
6.74	-0.1322331
6.745	-0.1325296
6.75	-0.1328151
6.755	-0.1330897
6.76	-0.1333534
6.765	-0.1336061
6.77	-0.1338478
6.775	-0.1340785
6.78	-0.134298
6.785	-0.1345065
6.79	-0.1347038
6.795	-0.1348899
6.8	-0.1350648
6.805	-0.1352285
6.81	-0.135381
6.815	-0.1355221
6.82	-0.135652
6.825	-0.1357705
6.83	-0.1358777
6.835	-0.1359735
6.84	-0.1360579
6.845	-0.1361309
6.85	-0.1361925
6.855	-0.1362427
6.86	-0.1362814
6.865	-0.1363086
6.87	-0.1363243
6.875	-0.1363285
6.88	-0.1363212
6.885	-0.1363024
6.89	-0.1362721
6.895	-0.1362302
6.9	-0.1361767
6.905	-0.1361117
6.91	-0.1360352
6.915	-0.1359471
6.92	-0.1358474
6.925	-0.1357361
6.93	-0.1356133
6.935	-0.1354789
6.94	-0.135333
6.945	-0.1351754
6.95	-0.1350063
6.955	-0.1348257
6.96	-0.1346335
6.965	-0.1344297
6.97	-0.1342144
6.975	-0.1339876
6.98	-0.1337492
6.985	-0.1334994
6.99	-0.133238
6.995	-0.1329652
7	-0.1326809
7.005	-0.1323851
7.01	-0.1320779
7.015	-0.1317592
7.02	-0.1314292
7.025	-0.1310877
7.03	-0.1307349
7.035	-0.1303707
7.04	-0.1299953
7.045	-0.1296085
7.05	-0.1292104
7.055	-0.1288011
7.06	-0.1283805
7.065	-0.1279488
7.07	-0.1275059
7.075	-0.1270518
7.08	-0.1265866
7.085	-0.1261104
7.09	-0.1256231
7.095	-0.1251247
7.1	-0.1246154
7.105	-0.1240952
7.11	-0.123564
7.115	-0.123022
7.12	-0.1224691
7.125	-0.1219054
7.13	-0.121331
7.135	-0.1207458
7.14	-0.12015
7.145	-0.1195436
7.15	-0.1189265
7.155	-0.1182989
7.16	-0.1176609
7.165	-0.1170123
7.17	-0.1163534
7.175	-0.1156841
7.18	-0.1150045
7.185	-0.1143146
7.19	-0.1136146
7.195	-0.1129043
7.2	-0.112184
7.205	-0.1114537
7.21	-0.1107133
7.215	-0.109963
7.22	-0.1092029
7.225	-0.1084329
7.23	-0.1076531
7.235	-0.1068637
7.24	-0.1060646
7.245	-0.1052559
7.25	-0.1044377
7.255	-0.10361
7.26	-0.102773
7.265	-0.1019266
7.27	-0.1010709
7.275	-0.100206
7.28	-0.09933205
7.285	-0.09844899
7.29	-0.09755693
7.295	-0.09665594
7.3	-0.0957461
7.305	-0.09482746
7.31	-0.09390011
7.315	-0.09296411
7.32	-0.09201954
7.325	-0.09106647
7.33	-0.09010498
7.335	-0.08913514
7.34	-0.08815703
7.345	-0.08717072
7.35	-0.0861763
7.355	-0.08517384
7.36	-0.08416341
7.365	-0.08314511
7.37	-0.08211901
7.375	-0.08108519
7.38	-0.08004373
7.385	-0.07899471
7.39	-0.07793823
7.395	-0.07687436
7.4	-0.07580319
7.405	-0.0747248
7.41	-0.07363928
7.415	-0.07254671
7.42	-0.07144719
7.425	-0.0703408
7.43	-0.06922762
7.435	-0.06810776
7.44	-0.06698129
7.445	-0.06584831
7.45	-0.06470891
7.455	-0.06356318
7.46	-0.06241121
7.465	-0.0612531
7.47	-0.06008894
7.475	-0.05891882
7.48	-0.05774283
7.485	-0.05656108
7.49	-0.05537366
7.495	-0.05418066
7.5	-0.05298217
7.505	-0.05177831
7.51	-0.05056916
7.515	-0.04935482
7.52	-0.04813539
7.525	-0.04691098
7.53	-0.04568167
7.535	-0.04444757
7.54	-0.04320878
7.545	-0.0419654
7.55	-0.04071753
7.555	-0.03946528
7.56	-0.03820874
7.565	-0.03694802
7.57	-0.03568322
7.575	-0.03441445
7.58	-0.0331418
7.585	-0.03186538
7.59	-0.03058531
7.595	-0.02930167
7.6	-0.02801458
7.605	-0.02672414
7.61	-0.02543046
7.615	-0.02413364
7.62	-0.02283379
7.625	-0.02153102
7.63	-0.02022544
7.635	-0.01891714
7.64	-0.01760625
7.645	-0.01629286
7.65	-0.01497709
7.655	-0.01365904
7.66	-0.01233883
7.665	-0.01101655
7.67	-0.009692331
7.675	-0.008366268
7.68	-0.007038476
7.685	-0.005709062
7.69	-0.004378139
7.695	-0.003045815
7.7	-0.001712202
7.705	-0.000377409
7.71	0.000958453
7.715	0.002295272
7.72	0.003632938
7.725	0.00497134
7.73	0.006310367
7.735	0.007649906
7.74	0.008989847
7.745	0.01033008
7.75	0.01167049
7.755	0.01301096
7.76	0.0143514
7.765	0.01569167
7.77	0.01703167
7.775	0.0183713
7.78	0.01971043
7.785	0.02104896
7.79	0.02238677
7.795	0.02372375
7.8	0.02505978
7.805	0.02639477
7.81	0.02772859
7.815	0.02906113
7.82	0.03039229
7.825	0.03172194
7.83	0.03304997
7.835	0.03437629
7.84	0.03570076
7.845	0.03702329
7.85	0.03834376
7.855	0.03966205
7.86	0.04097806
7.865	0.04229167
7.87	0.04360278
7.875	0.04491127
7.88	0.04621704
7.885	0.04751996
7.89	0.04881993
7.895	0.05011684
7.9	0.05141058
7.905	0.05270104
7.91	0.05398811
7.915	0.05527168
7.92	0.05655163
7.925	0.05782786
7.93	0.05910027
7.935	0.06036873
7.94	0.06163315
7.945	0.06289341
7.95	0.0641494
7.955	0.06540102
7.96	0.06664817
7.965	0.06789072
7.97	0.06912858
7.975	0.07036163
7.98	0.07158977
7.985	0.0728129
7.99	0.07403091
7.995	0.07524369
8	0.07645113
8.005	0.07765314
8.01	0.0788496
8.015	0.08004042
8.02	0.08122548
8.025	0.08240469
8.03	0.08357794
8.035	0.08474513
8.04	0.08590616
8.045	0.08706092
8.05	0.08820931
8.055	0.08935123
8.06	0.09048658
8.065	0.09161526
8.07	0.09273716
8.075	0.0938522
8.08	0.09496027
8.085	0.09606127
8.09	0.09715511
8.095	0.09824168
8.1	0.09932088
8.105	0.1003926
8.11	0.1014568
8.115	0.1025134
8.12	0.1035622
8.125	0.1046031
8.13	0.1056362
8.135	0.1066612
8.14	0.1076781
8.145	0.1086867
8.15	0.1096871
8.155	0.1106791
8.16	0.1116625
8.165	0.1126375
8.17	0.1136037
8.175	0.1145612
8.18	0.1155098
8.185	0.1164495
8.19	0.1173802
8.195	0.1183018
8.2	0.1192142
8.205	0.1201174
8.21	0.1210111
8.215	0.1218955
8.22	0.1227703
8.225	0.1236355
8.23	0.124491
8.235	0.1253367
8.24	0.1261726
8.245	0.1269986
8.25	0.1278146
8.255	0.1286204
8.26	0.1294161
8.265	0.1302016
8.27	0.1309768
8.275	0.1317415
8.28	0.1324958
8.285	0.1332396
8.29	0.1339728
8.295	0.1346952
8.3	0.135407
8.305	0.1361079
8.31	0.1367979
8.315	0.137477
8.32	0.138145
8.325	0.1388019
8.33	0.1394477
8.335	0.1400823
8.34	0.1407056
8.345	0.1413175
8.35	0.141918
8.355	0.142507
8.36	0.1430846
8.365	0.1436505
8.37	0.1442047
8.375	0.1447473
8.38	0.1452781
8.385	0.1457971
8.39	0.1463042
8.395	0.1467993
8.4	0.1472825
8.405	0.1477537
8.41	0.1482128
8.415	0.1486597
8.42	0.1490945
8.425	0.149517
8.43	0.1499272
8.435	0.1503252
8.44	0.1507107
8.445	0.1510839
8.45	0.1514446
8.455	0.1517928
8.46	0.1521285
8.465	0.1524516
8.47	0.1527621
8.475	0.1530599
8.48	0.153345
8.485	0.1536175
8.49	0.1538771
8.495	0.154124
8.5	0.1543581
8.505	0.1545793
8.51	0.1547876
8.515	0.1549831
8.52	0.1551656
8.525	0.1553351
8.53	0.1554916
8.535	0.1556352
8.54	0.1557657
8.545	0.1558831
8.55	0.1559875
8.555	0.1560787
8.56	0.1561569
8.565	0.1562219
8.57	0.1562738
8.575	0.1563125
8.58	0.156338
8.585	0.1563504
8.59	0.1563495
8.595	0.1563355
8.6	0.1563082
8.605	0.1562677
8.61	0.156214
8.615	0.156147
8.62	0.1560668
8.625	0.1559733
8.63	0.1558666
8.635	0.1557467
8.64	0.1556135
8.645	0.155467
8.65	0.1553074
8.655	0.1551344
8.66	0.1549483
8.665	0.1547489
8.67	0.1545363
8.675	0.1543105
8.68	0.1540715
8.685	0.1538193
8.69	0.1535539
8.695	0.1532754
8.7	0.1529837
8.705	0.1526789
8.71	0.152361
8.715	0.15203
8.72	0.1516859
8.725	0.1513287
8.73	0.1509586
8.735	0.1505754
8.74	0.1501792
8.745	0.1497701
8.75	0.149348
8.755	0.1489131
8.76	0.1484652
8.765	0.1480046
8.77	0.1475311
8.775	0.1470448
8.78	0.1465458
8.785	0.146034
8.79	0.1455096
8.795	0.1449726
8.8	0.1444229
8.805	0.1438607
8.81	0.143286
8.815	0.1426988
8.82	0.1420991
8.825	0.1414871
8.83	0.1408627
8.835	0.1402261
8.84	0.1395771
8.845	0.138916
8.85	0.1382427
8.855	0.1375573
8.86	0.1368599
8.865	0.1361504
8.87	0.135429
8.875	0.1346958
8.88	0.1339506
8.885	0.1331938
8.89	0.1324252
8.895	0.1316449
8.9	0.130853
8.905	0.1300496
8.91	0.1292348
8.915	0.1284085
8.92	0.1275708
8.925	0.1267219
8.93	0.1258618
8.935	0.1249905
8.94	0.1241082
8.945	0.1232148
8.95	0.1223105
8.955	0.1213954
8.96	0.1204694
8.965	0.1195327
8.97	0.1185854
8.975	0.1176275
8.98	0.1166591
8.985	0.1156803
8.99	0.1146911
8.995	0.1136917
9	0.1126821
9.005	0.1116625
9.01	0.1106327
9.015	0.1095931
9.02	0.1085436
9.025	0.1074844
9.03	0.1064154
9.035	0.1053369
9.04	0.1042488
9.045	0.1031514
9.05	0.1020446
9.055	0.1009285
9.06	0.09980334
9.065	0.09866909
9.07	0.09752587
9.075	0.09637378
9.08	0.0952129
9.085	0.09404334
9.09	0.09286518
9.095	0.09167853
9.1	0.09048348
9.105	0.08928013
9.11	0.08806857
9.115	0.08684891
9.12	0.08562124
9.125	0.08438567
9.13	0.0831423
9.135	0.08189122
9.14	0.08063255
9.145	0.07936638
9.15	0.07809281
9.155	0.07681196
9.16	0.07552393
9.165	0.07422882
9.17	0.07292674
9.175	0.07161779
9.18	0.07030209
9.185	0.06897975
9.19	0.06765086
9.195	0.06631555
9.2	0.06497391
9.205	0.06362608
9.21	0.06227214
9.215	0.06091222
9.22	0.05954642
9.225	0.05817487
9.23	0.05679767
9.235	0.05541494
9.24	0.05402679
9.245	0.05263334
9.25	0.0512347
9.255	0.04983099
9.26	0.04842232
9.265	0.04700881
9.27	0.04559059
9.275	0.04416776
9.28	0.04274045
9.285	0.04130877
9.29	0.03987284
9.295	0.03843278
9.3	0.03698872
9.305	0.03554077
9.31	0.03408905
9.315	0.03263368
9.32	0.03117479
9.325	0.02971249
9.33	0.02824691
9.335	0.02677818
9.34	0.0253064
9.345	0.02383171
9.35	0.02235423
9.355	0.02087408
9.36	0.01939139
9.365	0.01790628
9.37	0.01641887
9.375	0.0149293
9.38	0.01343767
9.385	0.01194412
9.39	0.01044878
9.395	0.008951764
9.4	0.007453203
9.405	0.005953222
9.41	0.004451946
9.415	0.002949502
9.42	0.001446015
9.425	-5.83878E-05
9.43	-0.00156358
9.435	-0.003069436
9.44	-0.004575829
9.445	-0.006082631
9.45	-0.007589717
9.455	-0.00909696
9.46	-0.01060423
9.465	-0.01211141
9.47	-0.01361836
9.475	-0.01512495
9.48	-0.01663108
9.485	-0.01813659
9.49	-0.01964137
9.495	-0.0211453
9.5	-0.02264823
9.505	-0.02415006
9.51	-0.02565064
9.515	-0.02714985
9.52	-0.02864758
9.525	-0.03014368
9.53	-0.03163803
9.535	-0.03313051
9.54	-0.03462099
9.545	-0.03610934
9.55	-0.03759544
9.555	-0.03907917
9.56	-0.04056038
9.565	-0.04203897
9.57	-0.0435148
9.575	-0.04498775
9.58	-0.04645769
9.585	-0.04792451
9.59	-0.04938806
9.595	-0.05084823
9.6	-0.0523049
9.605	-0.05375794
9.61	-0.05520723
9.615	-0.05665264
9.62	-0.05809405
9.625	-0.05953134
9.63	-0.06096438
9.635	-0.06239305
9.64	-0.06381723
9.645	-0.0652368
9.65	-0.06665164
9.655	-0.06806162
9.66	-0.06946662
9.665	-0.07086653
9.67	-0.07226122
9.675	-0.07365058
9.68	-0.07503448
9.685	-0.07641281
9.69	-0.07778544
9.695	-0.07915226
9.7	-0.08051315
9.705	-0.081868
9.71	-0.08321668
9.715	-0.08455909
9.72	-0.0858951
9.725	-0.08722459
9.73	-0.08854747
9.735	-0.0898636
9.74	-0.09117288
9.745	-0.09247519
9.75	-0.09377042
9.755	-0.09505845
9.76	-0.09633918
9.765	-0.0976125
9.77	-0.09887829
9.775	-0.1001364
9.78	-0.1013868
9.785	-0.1026294
9.79	-0.103864
9.795	-0.1050905
9.8	-0.1063088
9.805	-0.1075188
9.81	-0.1087205
9.815	-0.1099136
9.82	-0.1110982
9.825	-0.112274
9.83	-0.1134411
9.835	-0.1145992
9.84	-0.1157483
9.845	-0.1168883
9.85	-0.118019
9.855	-0.1191405
9.86	-0.1202525
9.865	-0.121355
9.87	-0.1224479
9.875	-0.1235311
9.88	-0.1246044
9.885	-0.1256679
9.89	-0.1267214
9.895	-0.1277648
9.9	-0.1287979
9.905	-0.1298209
9.91	-0.1308334
9.915	-0.1318355
9.92	-0.132827
9.925	-0.1338079
9.93	-0.134778
9.935	-0.1357374
9.94	-0.1366858
9.945	-0.1376232
9.95	-0.1385496
9.955	-0.1394648
9.96	-0.1403687
9.965	-0.1412613
9.97	-0.1421425
9.975	-0.1430123
9.98	-0.1438704
9.985	-0.1447169
9.99	-0.1455517
9.995	-0.1463746
10	-0.1471857
10.005	-0.1479848
